0 0.357888 0.946502 0.046639 0.030178
0 0.665844 0.840878 0.053498 0.032922
0 0.612003 0.861797 0.026749 0.025377
0 0.632236 0.875514 0.035665 0.026749
0 0.713796 0.839259 0.034259 0.027778
0 0.847469 0.784383 0.045062 0.029012
0 0.909815 0.731296 0.024074 0.027778
0 0.961667 0.719259 0.040123 0.023457
0 0.985000 0.328827 0.030000 0.022840
0 0.924630 0.259691 0.035185 0.020370
0 0.869383 0.380988 0.030864 0.013580
0 0.726173 0.402284 0.044444 0.015432
0 0.720617 0.431296 0.032099 0.019136
0 0.649938 0.442716 0.035185 0.014815
0 0.746235 0.099383 0.040123 0.018519
0 0.532206 0.503704 0.041868 0.022544
0 0.534622 0.445733 0.041868 0.024155
0 0.444444 0.520209 0.030596 0.018519
0 0.487520 0.491224 0.034622 0.018519
0 0.403784 0.471498 0.033011 0.022544
0 0.378019 0.508535 0.037842 0.028986
0 0.347021 0.531884 0.053140 0.024155
0 0.202924 0.543665 0.052632 0.021442