0 0.536049 0.104198 0.066667 0.064198
0 0.659815 0.179198 0.072222 0.100617
0 0.688210 0.251420 0.061111 0.051235
0 0.508889 0.206667 0.058025 0.083951
0 0.438519 0.265309 0.077778 0.111111
0 0.622778 0.296481 0.074691 0.106790
0 0.533580 0.307284 0.070370 0.090123
0 0.733889 0.368395 0.078395 0.107407
0 0.682037 0.454815 0.083333 0.074074
0 0.662284 0.493086 0.050000 0.102469
0 0.700864 0.505741 0.053086 0.062346
0 0.594383 0.502654 0.061111 0.089506
0 0.478025 0.392161 0.082716 0.101852
0 0.493457 0.433210 0.101235 0.106173
0 0.402407 0.366235 0.066049 0.088272
0 0.445000 0.498951 0.061111 0.108025
0 0.324012 0.469012 0.083333 0.065432
0 0.363519 0.485062 0.078395 0.075309
0 0.690988 0.590926 0.071605 0.073457
0 0.613519 0.632284 0.089506 0.100617
0 0.531728 0.654815 0.074074 0.108642
0 0.417840 0.601420 0.083333 0.120370