0 0.988593 0.973111 0.022814 0.043704
0 0.949037 0.966074 0.050370 0.057778
0 0.897926 0.891630 0.093333 0.065926
0 0.880519 0.936074 0.082222 0.071852
0 0.798296 0.867926 0.080741 0.068889
0 0.692000 0.782741 0.082963 0.062963
0 0.534303 0.653968 0.083774 0.056437
0 0.948325 0.510141 0.091711 0.064374
0 0.740212 0.351411 0.074074 0.074956
0 0.595150 0.192240 0.071429 0.052910
0 0.322222 0.033951 0.092593 0.067901
0 0.109022 0.766619 0.052232 0.062203
0 0.022365 0.748575 0.042260 0.040361
0 0.078632 0.864435 0.074074 0.080247
0 0.086705 0.967616 0.105413 0.064767
0 0.034236 0.917426 0.066952 0.043210