0 0.853148 0.190741 0.037037 0.051852
0 0.337931 0.451405 0.029374 0.045338
0 0.409451 0.485249 0.031928 0.038953
0 0.517050 0.584227 0.030013 0.031290
0 0.628480 0.695338 0.028097 0.033844
0 0.724266 0.626054 0.030651 0.028097
0 0.820960 0.551178 0.039562 0.043771
0 0.959259 0.671164 0.047619 0.042328
0 0.986905 0.767725 0.026190 0.037037
0 0.942063 0.818651 0.047619 0.048942
0 0.851455 0.754497 0.080688 0.052910
0 0.857407 0.971825 0.037037 0.048942
0 0.565546 0.984990 0.035575 0.029240
0 0.548733 0.991520 0.024366 0.016959
0 0.507554 0.940400 0.036550 0.030702
0 0.482212 0.930166 0.024854 0.027778
0 0.411550 0.877290 0.032651 0.030214
0 0.150494 0.952593 0.035802 0.041975