0 0.083221 0.333165 0.031987 0.019641
0 0.170202 0.488047 0.024130 0.037598
0 0.236700 0.363468 0.033670 0.021886
0 0.313019 0.376936 0.052750 0.026375
0 0.366891 0.395735 0.038159 0.042649
0 0.503816 0.406397 0.038159 0.019080
0 0.717901 0.432323 0.049944 0.021324
0 0.710606 0.491246 0.052189 0.022447
0 0.828451 0.432043 0.053311 0.026375
0 0.910382 0.409596 0.055556 0.020763
0 0.943210 0.421380 0.043771 0.017396
0 0.912067 0.945400 0.051374 0.027479
0 0.895042 0.909558 0.040024 0.015532
0 0.720609 0.919116 0.040024 0.022700