0 0.550337 0.190236 0.085859 0.072391
0 0.650926 0.167929 0.068182 0.090067
0 0.446380 0.214226 0.058081 0.095118
0 0.360943 0.279461 0.062290 0.082492
0 0.467003 0.324916 0.062290 0.117845
0 0.542761 0.411616 0.060606 0.119529
0 0.642508 0.271886 0.064815 0.099327
0 0.715741 0.388889 0.056397 0.090909
0 0.614310 0.410774 0.063973 0.087542
0 0.709007 0.507155 0.064815 0.096801
0 0.553704 0.557660 0.070707 0.091751
0 0.669444 0.615320 0.095118 0.112795
0 0.373148 0.491582 0.061448 0.095960
0 0.420286 0.590909 0.074916 0.092593
0 0.506987 0.655724 0.078283 0.079125