0 0.948032 0.576852 0.068287 0.064815
0 0.851968 0.600000 0.103009 0.057870
0 0.841551 0.550231 0.086806 0.046296
0 0.787731 0.433333 0.101852 0.046296
0 0.722917 0.617361 0.092593 0.053241
0 0.655208 0.561806 0.103009 0.050926
0 0.376273 0.625463 0.061343 0.041667
0 0.432986 0.597685 0.079861 0.069444
0 0.522685 0.549653 0.115741 0.045139
0 0.541782 0.491204 0.075231 0.050926
0 0.509375 0.258681 0.059028 0.054398
0 0.509954 0.357639 0.064815 0.039352
0 0.409838 0.358218 0.063657 0.045139
0 0.227546 0.527778 0.055556 0.039352
0 0.143056 0.505787 0.069444 0.048611
0 0.027546 0.479745 0.055092 0.042824
0 0.068981 0.442130 0.078704 0.050926
0 0.160417 0.436343 0.097222 0.050926
0 0.248958 0.355903 0.075231 0.054398
0 0.132639 0.332176 0.074074 0.062500
0 0.210764 0.293403 0.068287 0.049769