0 0.493889 0.122222 0.075926 0.096296
0 0.602222 0.129630 0.062963 0.125926
0 0.669815 0.163889 0.116667 0.146296
0 0.750370 0.377778 0.081481 0.118519
0 0.553148 0.275000 0.079630 0.116667
0 0.457778 0.249074 0.066667 0.094444
0 0.427222 0.362037 0.116667 0.075926
0 0.429074 0.417593 0.064815 0.116667
0 0.333704 0.386111 0.066667 0.109259
0 0.618889 0.529630 0.074074 0.111111
0 0.705000 0.534259 0.083333 0.127778
0 0.548518 0.557407 0.066667 0.092593
0 0.580000 0.672222 0.070370 0.077778
0 0.655926 0.629630 0.092593 0.059259
0 0.357778 0.548148 0.055556 0.088889
0 0.434630 0.568519 0.072222 0.077778