0 0.512875 0.178571 0.065256 0.082011
0 0.624868 0.141534 0.077601 0.064374
0 0.672928 0.184303 0.074956 0.095238
0 0.598854 0.217372 0.080247 0.110229
0 0.420282 0.235891 0.063492 0.076720
0 0.523016 0.382275 0.055556 0.110229
0 0.351499 0.376543 0.067019 0.079365
0 0.611199 0.446208 0.064374 0.081129
0 0.708201 0.455467 0.073192 0.092593
0 0.432628 0.445326 0.088183 0.132275
0 0.564462 0.542769 0.085538 0.071429
0 0.656173 0.611111 0.069665 0.097002
0 0.536684 0.598765 0.056437 0.095238
0 0.430864 0.558642 0.065256 0.083774