0 0.495572 0.132045 0.070048 0.103060
0 0.599839 0.139291 0.080515 0.111111
0 0.663849 0.227053 0.078100 0.144928
0 0.673108 0.322061 0.101449 0.115942
0 0.543076 0.233494 0.057166 0.075684
0 0.564815 0.287842 0.070048 0.110306
0 0.487118 0.241546 0.074074 0.077295
0 0.462158 0.284219 0.054750 0.090177
0 0.417069 0.248792 0.054750 0.090177
0 0.364332 0.354670 0.076490 0.065217
0 0.428744 0.367955 0.063607 0.104670
0 0.537037 0.385266 0.078905 0.111916
0 0.616747 0.376812 0.070853 0.078905
0 0.705717 0.455717 0.097424 0.109501
0 0.423913 0.493961 0.052335 0.103865
0 0.340580 0.517713 0.057971 0.117552
0 0.466184 0.533414 0.045089 0.126409
0 0.551127 0.552335 0.094203 0.111111
0 0.644928 0.567230 0.048309 0.111916
0 0.708937 0.617552 0.078100 0.119163
0 0.464573 0.654187 0.066023 0.089372
0 0.554750 0.686795 0.067633 0.093398