0 0.033551 0.019063 0.041394 0.029412
0 0.105447 0.013072 0.047930 0.026144
0 0.150654 0.013072 0.044662 0.021786
0 0.161002 0.053377 0.039216 0.026144
0 0.227451 0.047930 0.045752 0.017429
0 0.283551 0.046296 0.042484 0.018519
0 0.293355 0.013072 0.049020 0.026144
0 0.342919 0.019063 0.028322 0.031590
0 0.371786 0.042484 0.070806 0.023965
0 0.424619 0.016340 0.039216 0.026144
0 0.529194 0.016885 0.052288 0.027233
0 0.590741 0.040850 0.049020 0.029412
0 0.711656 0.015795 0.059913 0.029412
0 0.790632 0.032680 0.039216 0.021786