0 0.931250 0.978125 0.037037 0.033565
0 0.982407 0.838657 0.035185 0.030093
0 0.827083 0.754745 0.041667 0.038194
0 0.757639 0.825347 0.041667 0.038194
0 0.658102 0.610648 0.039352 0.034722
0 0.538590 0.713979 0.052569 0.033453
0 0.522162 0.647073 0.060335 0.057348
0 0.448088 0.650060 0.054361 0.044205
0 0.396416 0.608542 0.050179 0.043608
0 0.423895 0.462784 0.037037 0.037634
0 0.279331 0.531481 0.039427 0.028076
0 0.325329 0.365412 0.038232 0.035245
0 0.244922 0.291876 0.051374 0.037037
0 0.146057 0.384468 0.042413 0.035842
0 0.196535 0.474074 0.069295 0.057348
0 0.694444 0.095679 0.040965 0.037598
0 0.505612 0.026094 0.056117 0.048822
0 0.884858 0.181373 0.044662 0.035948