0 0.567500 0.175926 0.043519 0.055556
0 0.648519 0.262500 0.094444 0.058333
0 0.628611 0.300926 0.071296 0.098148
0 0.515648 0.242130 0.075000 0.104630
0 0.519352 0.332870 0.075000 0.113889
0 0.422593 0.222222 0.042593 0.088889
0 0.376759 0.246296 0.071296 0.100000
0 0.410556 0.343519 0.077778 0.098148
0 0.352222 0.463889 0.079630 0.087037
0 0.484630 0.697222 0.077778 0.150000
0 0.581852 0.657407 0.064815 0.077778
0 0.727053 0.505878 0.062802 0.078100
0 0.674718 0.482528 0.061192 0.124799
0 0.634863 0.539291 0.070048 0.114332
0 0.625201 0.401610 0.073269 0.067633
0 0.553226 0.556810 0.054361 0.075866
0 0.506980 0.479772 0.058405 0.088319
0 0.546154 0.503276 0.056980 0.093542
0 0.513390 0.543400 0.053181 0.082621
0 0.468756 0.522982 0.079772 0.097816