0 0.638333 0.157407 0.083333 0.100000
0 0.552222 0.206481 0.074074 0.094444
0 0.746667 0.304630 0.077778 0.094444
0 0.657778 0.318519 0.070370 0.107407
0 0.562407 0.382407 0.083333 0.068519
0 0.633704 0.482407 0.074074 0.079630
0 0.450370 0.368519 0.081481 0.070370
0 0.355926 0.325000 0.081481 0.083333
0 0.327222 0.317593 0.090741 0.135185
0 0.437407 0.483333 0.051852 0.085185
0 0.520741 0.530556 0.066667 0.124074
0 0.523518 0.595370 0.061111 0.079630
0 0.521667 0.690741 0.075926 0.085185
0 0.638333 0.636111 0.064815 0.138889