0 0.584225 0.944307 0.045267 0.093278
0 0.512894 0.936420 0.054870 0.106310
0 0.630521 0.817421 0.037723 0.096022
0 0.517695 0.842798 0.048011 0.087791
0 0.344856 0.926818 0.034294 0.106310
0 0.408985 0.916187 0.034979 0.105624
0 0.348628 0.808505 0.033608 0.101509
0 0.381550 0.785185 0.032236 0.093278
0 0.425446 0.760151 0.044582 0.098080
0 0.474486 0.664472 0.038409 0.100137
0 0.479287 0.564678 0.046639 0.089849
0 0.374348 0.494719 0.038409 0.118656
0 0.291015 0.611317 0.040466 0.113169
0 0.382236 0.642181 0.040466 0.103567
0 0.381893 0.364060 0.037037 0.079561
0 0.498834 0.285871 0.047325 0.091907
0 0.481344 0.248491 0.038409 0.084362
0 0.458711 0.198422 0.038409 0.092593
0 0.397325 0.258779 0.061043 0.050069
0 0.405556 0.149726 0.044582 0.093964
0 0.500892 0.075789 0.041838 0.103567
0 0.454595 0.084705 0.039781 0.091221