0 0.751936 0.735354 0.037879 0.037037
0 0.768350 0.721044 0.033670 0.038721
0 0.632828 0.712205 0.026936 0.039562
0 0.611785 0.651599 0.021886 0.034512
0 0.589478 0.572475 0.022727 0.036195
0 0.620202 0.508502 0.028620 0.042929
0 0.525084 0.526599 0.025253 0.037037
0 0.697643 0.588468 0.025253 0.039562
0 0.673232 0.538384 0.026936 0.037037
0 0.670286 0.439478 0.027778 0.034512
0 0.417761 0.324158 0.027778 0.039562
0 0.476684 0.230303 0.024411 0.033670
0 0.378199 0.218519 0.024411 0.037037
0 0.341162 0.154966 0.019360 0.037879