0 0.228815 0.903037 0.045185 0.033333
0 0.373630 0.884148 0.019259 0.037037
0 0.385852 0.902296 0.052593 0.020000
0 0.460296 0.770815 0.041481 0.034074
0 0.581407 0.682667 0.046667 0.029630
0 0.228074 0.357481 0.027407 0.045926
0 0.238815 0.157037 0.034074 0.022222
0 0.346593 0.014444 0.025926 0.024444
0 0.012169 0.351190 0.018519 0.038360
0 0.047222 0.318122 0.043651 0.030423
0 0.043254 0.273810 0.038360 0.031746
0 0.832937 0.438492 0.030423 0.035714
0 0.852116 0.323413 0.044974 0.043651
0 0.936772 0.268519 0.039683 0.029101
0 0.976323 0.187169 0.047354 0.035714
0 0.979101 0.324735 0.034392 0.027778
0 0.158995 0.226190 0.044974 0.039683