0 0.479259 0.125617 0.092593 0.042593
0 0.566605 0.129321 0.083333 0.101852
0 0.641296 0.192284 0.046296 0.094444
0 0.686049 0.172840 0.053086 0.108642
0 0.546235 0.237346 0.079630 0.096914
0 0.551173 0.290741 0.070988 0.085185
0 0.476481 0.215432 0.074691 0.102469
0 0.424321 0.215741 0.051852 0.074691
0 0.634198 0.302160 0.076543 0.106790
0 0.655185 0.377160 0.087654 0.060494
0 0.721852 0.284568 0.077778 0.109877
0 0.568457 0.396605 0.051235 0.109259
0 0.475556 0.401543 0.058025 0.096914
0 0.364136 0.345679 0.079630 0.148148
0 0.754475 0.479938 0.060309 0.106790
0 0.677099 0.504012 0.069753 0.082099
0 0.569383 0.555864 0.076543 0.108025
0 0.649012 0.579012 0.071605 0.083951
0 0.659198 0.605864 0.056173 0.096914
0 0.614753 0.685494 0.078395 0.106790
0 0.543148 0.671605 0.051235 0.076543
0 0.375864 0.509877 0.054938 0.095062
0 0.391605 0.549383 0.064198 0.066667
0 0.406420 0.600617 0.092593 0.104938
0 0.426481 0.571296 0.062346 0.079630