0 0.370078 0.683821 0.065302 0.040936
0 0.518226 0.632164 0.053606 0.027290
0 0.654191 0.651170 0.052632 0.032164
0 0.760429 0.657992 0.050682 0.024366
0 0.886160 0.619493 0.058480 0.025341
0 0.804288 0.594152 0.052632 0.021442
0 0.702910 0.113757 0.043210 0.026455
0 0.647795 0.103616 0.051146 0.018519
0 0.650441 0.068342 0.044092 0.023810
0 0.564462 0.105820 0.043210 0.028219
0 0.453351 0.079365 0.046737 0.024691
0 0.408377 0.124780 0.059083 0.030864
0 0.299030 0.094356 0.053792 0.019400
0 0.344885 0.067019 0.036155 0.028219
0 0.228924 0.081129 0.049383 0.022928
0 0.153527 0.093034 0.055556 0.022046
0 0.132363 0.080247 0.044974 0.024691