0 0.475868 0.210359 0.036458 0.129051
0 0.430440 0.232639 0.055556 0.104167
0 0.585532 0.165509 0.126157 0.089120
0 0.602604 0.158565 0.075810 0.108796
0 0.693171 0.231771 0.075231 0.079282
0 0.365336 0.296586 0.068866 0.054977
0 0.423206 0.433160 0.053819 0.078125
0 0.355208 0.422743 0.081019 0.112847
0 0.334086 0.499711 0.070023 0.073495
0 0.424653 0.521123 0.085648 0.104745
0 0.368519 0.540220 0.064815 0.093171
0 0.385012 0.572627 0.061921 0.122106
0 0.511748 0.633970 0.082755 0.120949
0 0.684201 0.614583 0.082755 0.076389
0 0.584664 0.551794 0.066551 0.117477
0 0.519850 0.516493 0.061921 0.080440
0 0.637037 0.532986 0.037037 0.041667
0 0.652083 0.439815 0.085648 0.091435
0 0.658449 0.505208 0.113426 0.093750
0 0.628356 0.371817 0.048611 0.061921
0 0.690278 0.410590 0.059028 0.053819
0 0.560359 0.370949 0.070023 0.122685
0 0.510012 0.411748 0.095486 0.095486
0 0.505671 0.438079 0.064815 0.054398
0 0.580035 0.309028 0.067708 0.085648
0 0.736222 0.371852 0.088148 0.121481
0 0.748074 0.385185 0.065926 0.065185