0 0.439136 0.175062 0.066667 0.116049
0 0.507346 0.159321 0.075926 0.078395
0 0.603642 0.177531 0.053704 0.093827
0 0.670617 0.180926 0.077778 0.091975
0 0.677716 0.288951 0.101852 0.082099
0 0.578951 0.310864 0.056173 0.076543
0 0.518148 0.289259 0.066667 0.111111
0 0.454568 0.325062 0.065432 0.081481
0 0.360123 0.338642 0.081481 0.114815
0 0.365370 0.358704 0.072222 0.072222
0 0.639444 0.379074 0.047531 0.088272
0 0.734198 0.380309 0.074074 0.067284
0 0.693457 0.465802 0.066667 0.085185
0 0.567840 0.458704 0.070988 0.047531
0 0.496852 0.444198 0.078395 0.066667
0 0.669074 0.622284 0.083333 0.091975
0 0.563519 0.713951 0.080864 0.107407
0 0.497160 0.574136 0.088889 0.075926
0 0.451173 0.500062 0.087037 0.075926
0 0.406111 0.441420 0.059877 0.066049