0 0.489618 0.203143 0.095960 0.087542
0 0.399551 0.252245 0.048260 0.092593
0 0.717477 0.277431 0.078704 0.077546
0 0.687384 0.195544 0.064815 0.112847
0 0.627778 0.159664 0.072917 0.054977
0 0.616782 0.197280 0.085648 0.044560
0 0.635012 0.264988 0.087384 0.104745
0 0.559201 0.338194 0.086227 0.104167
0 0.646875 0.444097 0.068287 0.096065
0 0.719213 0.437442 0.055556 0.105903
0 0.469792 0.366840 0.056713 0.105903
0 0.430440 0.420949 0.071759 0.085648
0 0.393113 0.382465 0.078125 0.075810
0 0.358681 0.376100 0.060185 0.073495
0 0.370544 0.500231 0.060764 0.082176
0 0.424363 0.515278 0.067708 0.101852
0 0.487153 0.515856 0.065972 0.096065
0 0.588426 0.560706 0.055556 0.086227
0 0.667998 0.607002 0.137153 0.078125
0 0.644271 0.571701 0.035301 0.072338
0 0.686516 0.567072 0.036458 0.072338
0 0.489468 0.632176 0.068287 0.076389
0 0.587847 0.717245 0.078704 0.100694