0 0.557778 0.188889 0.088889 0.140741
0 0.516111 0.204630 0.075926 0.094444
0 0.639259 0.217593 0.081481 0.061111
0 0.378148 0.275000 0.081481 0.101852
0 0.743889 0.309259 0.075926 0.114815
0 0.644815 0.357407 0.066667 0.062963
0 0.468889 0.368519 0.062963 0.107407
0 0.529074 0.404630 0.090741 0.105556
0 0.510556 0.475926 0.098148 0.100000
0 0.414259 0.475926 0.068519 0.081481
0 0.336481 0.440741 0.087037 0.111111
0 0.624444 0.527778 0.081481 0.059259
0 0.639259 0.423148 0.085185 0.075926
0 0.724444 0.431481 0.088889 0.125926
0 0.721667 0.550926 0.075926 0.087037
0 0.624444 0.626852 0.085185 0.083333
0 0.421667 0.565741 0.094444 0.079630
0 0.508704 0.650926 0.094444 0.072222