0 0.470789 0.086320 0.074671 0.099761
0 0.429570 0.141577 0.060335 0.069295
0 0.485125 0.160693 0.071087 0.068100
0 0.686738 0.184886 0.072879 0.072282
0 0.618339 0.231481 0.060335 0.098566
0 0.569056 0.262246 0.066906 0.108722
0 0.661051 0.282258 0.051374 0.086619
0 0.416428 0.251195 0.085424 0.108124
0 0.473178 0.265830 0.061529 0.070490
0 0.467503 0.351254 0.072879 0.058542
0 0.447192 0.451912 0.066906 0.060335
0 0.464815 0.476404 0.063919 0.092593
0 0.442712 0.529271 0.075866 0.046595
0 0.368041 0.486260 0.053166 0.093190
0 0.552628 0.465054 0.047192 0.086619
0 0.567563 0.582437 0.062724 0.111111
0 0.567264 0.715352 0.077658 0.112903
0 0.457049 0.675030 0.055556 0.106332
0 0.689725 0.571983 0.064516 0.098566
0 0.727360 0.472521 0.064516 0.096774
0 0.643130 0.477897 0.076464 0.062127
0 0.751411 0.355379 0.085538 0.123457