0 0.078758 0.606754 0.044662 0.050109
0 0.235076 0.544118 0.052288 0.042484
0 0.318954 0.464052 0.052288 0.047930
0 0.611438 0.426471 0.038126 0.040305
0 0.666993 0.392157 0.035948 0.034858
0 0.621242 0.290850 0.049020 0.045752
0 0.681699 0.260893 0.056645 0.062092
0 0.780283 0.261438 0.055556 0.047930
0 0.702397 0.110566 0.050109 0.051198
0 0.798495 0.104745 0.061343 0.040509
0 0.860995 0.108218 0.031250 0.049769
0 0.895718 0.027199 0.047454 0.049769
0 0.852315 0.176505 0.039352 0.038194
0 0.904398 0.145255 0.037037 0.070602
0 0.915972 0.071759 0.060185 0.069444
0 0.949537 0.086227 0.041667 0.047454