0 0.037179 0.650142 0.025641 0.017094
0 0.048575 0.614174 0.037037 0.024929
0 0.043590 0.566097 0.024217 0.018519
0 0.093803 0.584259 0.032051 0.017806
0 0.095228 0.537963 0.032051 0.022080
0 0.139744 0.566097 0.031339 0.014245
0 0.170370 0.519801 0.024217 0.018519
0 0.175356 0.544729 0.022792 0.011396
0 0.260470 0.490598 0.039174 0.019943
0 0.343091 0.499858 0.030627 0.019943
0 0.282550 0.444658 0.037749 0.020655
0 0.332407 0.408333 0.033476 0.019231
0 0.411467 0.400499 0.030627 0.024929
0 0.373718 0.430413 0.024929 0.022080
0 0.342023 0.456054 0.041311 0.017806
0 0.328490 0.434330 0.038462 0.019943
0 0.045988 0.923560 0.031893 0.019547
0 0.129321 0.883951 0.027778 0.018519
0 0.126749 0.901955 0.032922 0.023663
0 0.187449 0.873148 0.028807 0.021605
0 0.232716 0.829938 0.032922 0.017490
0 0.365432 0.754321 0.032922 0.020576
0 0.497634 0.678189 0.027778 0.016461
0 0.493518 0.659156 0.027778 0.025720
0 0.569136 0.659156 0.026749 0.017490
0 0.543416 0.644239 0.028807 0.022634
0 0.611317 0.638580 0.034979 0.025720
0 0.655041 0.572222 0.027778 0.018519