0 0.540185 0.112963 0.075926 0.103704
0 0.657778 0.130556 0.070370 0.068519
0 0.479074 0.198148 0.083333 0.055556
0 0.393889 0.259259 0.068519 0.092593
0 0.570741 0.233333 0.051852 0.111111
0 0.592963 0.264815 0.077778 0.129630
0 0.630000 0.261111 0.096296 0.107407
0 0.742963 0.287037 0.070370 0.100000
0 0.712407 0.419444 0.068519 0.105556
0 0.714259 0.519444 0.068519 0.087037
0 0.648518 0.466667 0.062963 0.100000
0 0.481852 0.425926 0.074074 0.081481
0 0.526296 0.485185 0.103704 0.096296
0 0.568889 0.650926 0.070370 0.105556
0 0.424444 0.519444 0.062963 0.090741