0 0.801675 0.868342 0.034392 0.032628
0 0.664991 0.713580 0.067901 0.038801
0 0.499647 0.787213 0.067019 0.050265
0 0.433951 0.806173 0.083774 0.031746
0 0.384127 0.767372 0.079365 0.040564
0 0.378836 0.720194 0.084656 0.034392
0 0.283598 0.729012 0.075838 0.036155
0 0.276102 0.781922 0.029101 0.020282
0 0.168519 0.700353 0.074956 0.044092
0 0.221869 0.676543 0.040564 0.028219
0 0.729240 0.415692 0.072125 0.034113
0 0.601072 0.134503 0.084795 0.035088
0 0.456335 0.251462 0.097466 0.042885
0 0.361306 0.342105 0.057505 0.033138
0 0.328655 0.289474 0.079922 0.042885
0 0.227778 0.260234 0.086745 0.046784
0 0.175634 0.279727 0.074074 0.033138
0 0.146528 0.206019 0.087963 0.041667
0 0.041204 0.280093 0.076389 0.039352
0 0.032755 0.244792 0.065509 0.028935
0 0.028704 0.149306 0.057407 0.030093
0 0.016551 0.108796 0.033102 0.032407