0 0.014397 0.108423 0.028793 0.025687
0 0.006631 0.144564 0.013262 0.022700
0 0.074194 0.139486 0.043011 0.026882
0 0.098686 0.123059 0.037037 0.025090
0 0.122282 0.090502 0.041219 0.023297
0 0.302688 0.087515 0.057945 0.030466
0 0.351673 0.077957 0.042413 0.030466
0 0.383931 0.056750 0.032855 0.020311
0 0.454898 0.063321 0.044803 0.023895
0 0.455197 0.087216 0.045400 0.021505
0 0.470131 0.107527 0.043011 0.019116
0 0.647849 0.064516 0.034050 0.025090
0 0.791219 0.060335 0.035245 0.023895
0 0.675030 0.129331 0.045400 0.024492
0 0.709080 0.101254 0.033453 0.019713
0 0.723118 0.120370 0.056750 0.026882
0 0.767622 0.114994 0.035842 0.022103
0 0.821386 0.123059 0.029869 0.021505
0 0.730585 0.176822 0.040621 0.020311
0 0.901613 0.053763 0.034050 0.026284
0 0.926703 0.088411 0.037634 0.019116
0 0.963202 0.055556 0.073596 0.037037