0 0.879211 0.643070 0.023895 0.032855
0 0.843070 0.642473 0.030466 0.029271
0 0.804540 0.561828 0.025090 0.040024
0 0.817384 0.545102 0.023297 0.032855
0 0.804839 0.464755 0.024492 0.031063
0 0.752270 0.474014 0.026882 0.034050
0 0.666069 0.285544 0.023895 0.031063
0 0.600060 0.129630 0.022103 0.034648
0 0.653263 0.902998 0.029982 0.042328
0 0.569489 0.824956 0.024691 0.036155
0 0.534656 0.728395 0.025573 0.038801
0 0.958554 0.064815 0.026455 0.030864
0 0.186351 0.933813 0.025377 0.033608
0 0.361934 0.941701 0.025377 0.032922
0 0.374623 0.905350 0.021948 0.038409
0 0.269684 0.815501 0.021948 0.037037
0 0.232647 0.740741 0.034294 0.038409
0 0.152401 0.699588 0.020576 0.032922
0 0.318724 0.346365 0.021262 0.037037
0 0.361934 0.426269 0.021262 0.040466