0 0.359630 0.145370 0.074074 0.068519
0 0.339259 0.216667 0.070370 0.081481
0 0.412407 0.178704 0.061111 0.075926
0 0.442037 0.248148 0.057407 0.074074
0 0.429074 0.304630 0.083333 0.079630
0 0.506852 0.258333 0.072222 0.079630
0 0.589259 0.194444 0.070370 0.085185
0 0.604074 0.311111 0.066667 0.074074
0 0.725370 0.330556 0.094444 0.109259
0 0.682778 0.434259 0.068519 0.090741
0 0.498518 0.387037 0.081481 0.070370
0 0.649444 0.547222 0.083333 0.087037
0 0.349444 0.470370 0.083333 0.096296
0 0.557778 0.614815 0.055556 0.111111
0 0.517037 0.528704 0.081481 0.157407