0 0.409630 0.245370 0.081481 0.112963
0 0.358704 0.402778 0.061111 0.112963
0 0.751296 0.321296 0.079630 0.075926
0 0.696667 0.210185 0.081481 0.101852
0 0.657778 0.315741 0.070370 0.112963
0 0.522593 0.151852 0.103704 0.096296
0 0.515185 0.285185 0.088889 0.088889
0 0.678148 0.487963 0.074074 0.120370
0 0.589259 0.532407 0.088889 0.101852
0 0.684630 0.645370 0.068519 0.116667
0 0.598518 0.629630 0.062963 0.081481
0 0.517963 0.620370 0.068519 0.066667
0 0.435556 0.624074 0.070370 0.092593
0 0.456852 0.419444 0.090741 0.124074
0 0.500370 0.471296 0.081481 0.105556
0 0.524444 0.399074 0.066667 0.087037