0 0.659132 0.149106 0.084291 0.090038
0 0.506505 0.081434 0.048908 0.070750
0 0.516239 0.107787 0.059829 0.069326
0 0.536182 0.178538 0.065527 0.078822
0 0.461159 0.131529 0.057930 0.090218
0 0.469943 0.139126 0.068851 0.140551
0 0.369753 0.289411 0.068851 0.089744
0 0.499383 0.281576 0.063153 0.098765
0 0.601709 0.364198 0.082621 0.071225
0 0.654891 0.304131 0.086420 0.111586
0 0.448338 0.381054 0.093067 0.048908
0 0.383761 0.409307 0.055081 0.089269
0 0.568234 0.433048 0.066952 0.106363
0 0.670798 0.441121 0.075499 0.061728
0 0.644919 0.501187 0.060779 0.090693
0 0.430769 0.576923 0.077873 0.053181
0 0.439791 0.525878 0.041785 0.052707
0 0.495584 0.536325 0.081197 0.099240
0 0.598148 0.608025 0.063153 0.064103
0 0.454274 0.665954 0.069801 0.110636
0 0.545442 0.699905 0.075499 0.113010
0 0.757952 0.307625 0.080610 0.084967