0 0.067711 0.840883 0.014245 0.013770
0 0.082431 0.834473 0.014245 0.012346
0 0.123504 0.809782 0.014720 0.007597
0 0.142735 0.800997 0.018993 0.008072
0 0.190218 0.774644 0.008547 0.010446
0 0.182859 0.767284 0.016619 0.009972
0 0.249573 0.727398 0.014245 0.009022
0 0.313770 0.704274 0.012346 0.011396
0 0.425356 0.627350 0.013295 0.009497
0 0.456458 0.618803 0.016619 0.011396
0 0.447198 0.631387 0.008547 0.006173
0 0.467616 0.622127 0.015195 0.012346
0 0.486610 0.602184 0.014245 0.010446
0 0.489934 0.609307 0.014245 0.008547
0 0.495632 0.593400 0.015195 0.009022
0 0.499905 0.582716 0.014245 0.009497
0 0.564245 0.655366 0.018519 0.010446
0 0.562346 0.725404 0.011871 0.008072
0 0.634758 0.672222 0.012346 0.014720
0 0.519611 0.593875 0.014720 0.007123
0 0.538604 0.586040 0.009972 0.008547
0 0.586087 0.561586 0.014720 0.009972
0 0.472365 0.781197 0.015195 0.016144
0 0.684722 0.656250 0.020833 0.016204
0 0.771528 0.599537 0.023148 0.013889
0 0.536891 0.573099 0.019981 0.007797
0 0.537866 0.563596 0.014133 0.008285
0 0.639289 0.520971 0.006507 0.013514
0 0.679580 0.493443 0.011011 0.011512
0 0.746146 0.469670 0.013013 0.010010
0 0.938589 0.506707 0.011512 0.014014
0 0.956607 0.486687 0.012513 0.010010
0 0.970370 0.472422 0.014014 0.013514
0 0.987387 0.477678 0.009009 0.007007
0 0.994144 0.466416 0.009510 0.010511
0 0.794695 0.424875 0.012012 0.009510
0 0.861762 0.409109 0.012012 0.009009
0 0.859259 0.391842 0.010010 0.005506
0 0.885536 0.394595 0.013514 0.009009
0 0.878278 0.388088 0.012012 0.010010
0 0.894044 0.369570 0.013514 0.010010
0 0.397056 0.513960 0.009497 0.007597
0 0.436230 0.480959 0.010921 0.008072
0 0.420085 0.503514 0.009022 0.006648
0 0.387559 0.377683 0.012346 0.010446
0 0.148595 0.464623 0.013410 0.016603
0 0.177331 0.114623 0.014687 0.009579
0 0.248212 0.157407 0.017241 0.013410