0 0.466144 0.915100 0.009972 0.031339
0 0.502469 0.881387 0.018044 0.039886
0 0.594824 0.865005 0.015670 0.032764
0 0.492498 0.834378 0.016144 0.024691
0 0.506268 0.803751 0.019943 0.035613
0 0.554463 0.813485 0.015670 0.027540
0 0.571083 0.813248 0.018519 0.024217
0 0.609782 0.746534 0.017094 0.029440
0 0.541168 0.746534 0.010921 0.026591
0 0.473979 0.744160 0.018993 0.035138
0 0.449288 0.753894 0.014245 0.026116
0 0.485375 0.712583 0.015195 0.022317
0 0.543305 0.652517 0.016144 0.024691
0 0.479202 0.586040 0.015195 0.028490
0 0.484900 0.536182 0.016144 0.025641
0 0.468993 0.491073 0.016619 0.027540
0 0.473742 0.374264 0.015670 0.022792
0 0.475641 0.335802 0.015670 0.022792
0 0.506743 0.240123 0.018044 0.028015
0 0.493685 0.175783 0.015670 0.033238