0 0.650109 0.138889 0.078431 0.088235
0 0.560240 0.190632 0.068627 0.087146
0 0.474183 0.240741 0.077342 0.063181
0 0.510131 0.281046 0.077342 0.056645
0 0.446950 0.296296 0.062092 0.061002
0 0.448039 0.363290 0.042484 0.055556
0 0.507407 0.343682 0.076253 0.062092
0 0.627233 0.339869 0.069717 0.113290
0 0.696950 0.331699 0.069717 0.059913
0 0.730174 0.466776 0.068627 0.105664
0 0.344009 0.431917 0.078431 0.103486
0 0.435512 0.505447 0.061002 0.078431
0 0.421895 0.590959 0.079521 0.072985
0 0.570044 0.653595 0.064270 0.076253