0 0.054938 0.425926 0.077160 0.049383
0 0.164120 0.450231 0.084105 0.048611
0 0.155247 0.396991 0.095679 0.047068
0 0.206559 0.566744 0.096451 0.050154
0 0.280633 0.382716 0.097994 0.067901
0 0.348920 0.437114 0.111111 0.056327
0 0.481636 0.445216 0.115741 0.050926
0 0.455787 0.507716 0.068673 0.046296
0 0.490895 0.643519 0.064815 0.046296
0 0.499846 0.747299 0.077160 0.060957
0 0.591667 0.640432 0.063272 0.046296
0 0.570448 0.402006 0.068673 0.058642
0 0.629090 0.371528 0.059414 0.047068
0 0.751775 0.648148 0.067130 0.060185
0 0.786111 0.707176 0.060185 0.056327
0 0.862500 0.682099 0.077160 0.086420
0 0.778781 0.471451 0.062500 0.043210
0 0.855941 0.491898 0.074846 0.051698
0 0.832022 0.562886 0.090278 0.064043
0 0.938117 0.556713 0.092593 0.048611
0 0.974460 0.513117 0.051080 0.050926