0 0.227315 0.951543 0.174383 0.096914
0 0.089198 0.909259 0.117284 0.095679
0 0.138580 0.818210 0.141975 0.074074
0 0.066821 0.690123 0.118827 0.157407
0 0.338426 0.787346 0.146605 0.145062
0 0.506636 0.591358 0.137346 0.120370
0 0.796759 0.434414 0.125000 0.134259
0 0.551389 0.434414 0.094136 0.121914
0 0.599228 0.271605 0.137346 0.123457
0 0.596142 0.185185 0.128086 0.135802
0 0.892438 0.231481 0.118827 0.117284
0 0.752006 0.320988 0.134259 0.098765
0 0.819136 0.205247 0.077160 0.092593
0 0.937963 0.108796 0.117284 0.106481