0 0.550960 0.191358 0.077503 0.119342
0 0.600343 0.223937 0.056927 0.052812
0 0.722085 0.228395 0.085048 0.094650
0 0.471742 0.291152 0.074074 0.106310
0 0.377778 0.332647 0.080933 0.086420
0 0.585940 0.369684 0.030864 0.122085
0 0.664815 0.346365 0.061043 0.078189
0 0.715569 0.361797 0.070645 0.103567
0 0.676818 0.407407 0.067215 0.090535
0 0.390809 0.411523 0.100137 0.065844
0 0.690192 0.526063 0.067901 0.105624
0 0.663443 0.635117 0.061043 0.072702
0 0.532099 0.538066 0.053498 0.076132
0 0.570508 0.580590 0.080933 0.063786
0 0.569822 0.515432 0.053498 0.092593
0 0.391838 0.525377 0.077503 0.117970
0 0.397325 0.611797 0.072016 0.115226