0 0.705848 0.217544 0.060429 0.083821
0 0.600585 0.273099 0.058480 0.099415
0 0.622515 0.318908 0.104288 0.109162
0 0.546491 0.392495 0.073099 0.102339
0 0.709259 0.413450 0.071150 0.115010
0 0.722417 0.558187 0.064327 0.090643
0 0.644444 0.577193 0.070175 0.077973
0 0.585965 0.681969 0.083821 0.063353
0 0.627875 0.453411 0.074074 0.105263
0 0.498733 0.465107 0.065302 0.111111
0 0.444639 0.317446 0.072125 0.057505
0 0.375926 0.395419 0.063353 0.084795
0 0.411988 0.453411 0.069201 0.066277
0 0.346686 0.465595 0.075049 0.084795