0 0.070988 0.359053 0.049383 0.041152
0 0.300926 0.273663 0.038066 0.028807
0 0.273148 0.255658 0.058642 0.042181
0 0.202160 0.282922 0.070988 0.045267
0 0.201132 0.242798 0.056584 0.039095
0 0.208848 0.045782 0.057613 0.033951
0 0.114712 0.076646 0.044239 0.029835
0 0.461420 0.176440 0.068930 0.029835
0 0.423354 0.160494 0.040123 0.024691
0 0.508230 0.147634 0.053498 0.029835
0 0.727881 0.123457 0.050412 0.041152
0 0.771091 0.059671 0.052469 0.037037
0 0.834362 0.034979 0.053498 0.028807
0 0.615741 0.116255 0.050412 0.026749
0 0.659465 0.097222 0.051440 0.040123
0 0.626543 0.086934 0.041152 0.033951
0 0.664095 0.026235 0.048354 0.044239