0 0.454537 0.200463 0.106481 0.082407
0 0.587870 0.132407 0.071296 0.051852
0 0.617500 0.206481 0.082407 0.146296
0 0.718426 0.211574 0.058333 0.104630
0 0.737870 0.373148 0.058333 0.094444
0 0.609630 0.342593 0.075926 0.105556
0 0.585093 0.472222 0.076852 0.114815
0 0.571204 0.417593 0.069444 0.083333
0 0.697130 0.511111 0.087963 0.111111
0 0.662870 0.650926 0.063889 0.092593
0 0.544815 0.671296 0.079630 0.087037
0 0.472593 0.600463 0.057407 0.100926
0 0.430463 0.533796 0.067593 0.060185
0 0.421204 0.595370 0.087963 0.072222
0 0.335556 0.346296 0.064815 0.064815
0 0.405463 0.333796 0.067593 0.071296
0 0.479074 0.418981 0.074074 0.050926
0 0.454074 0.368056 0.077778 0.084259