0 0.779431 0.089286 0.024471 0.019841
0 0.719246 0.088624 0.021825 0.018519
0 0.656415 0.088624 0.020503 0.017196
0 0.634259 0.191138 0.026455 0.021164
0 0.703301 0.330515 0.036232 0.015298
0 0.755233 0.376409 0.030596 0.020129
0 0.144118 0.386057 0.025054 0.026144
0 0.066776 0.375708 0.038126 0.018519
0 0.285730 0.366449 0.033769 0.030501
0 0.211111 0.346296 0.039216 0.011983
0 0.121242 0.346841 0.035948 0.017429
0 0.894662 0.353377 0.038126 0.017429
0 0.901743 0.324510 0.034858 0.018519
0 0.276781 0.896795 0.028490 0.014957
0 0.215527 0.887892 0.027066 0.012821
0 0.422792 0.840883 0.034188 0.021368
0 0.622934 0.872934 0.027066 0.017094
0 0.843866 0.934375 0.021991 0.021991