0 0.933128 0.856584 0.041152 0.022634
0 0.739198 0.847840 0.050412 0.021605
0 0.748457 0.879218 0.048354 0.018519
0 0.619856 0.871502 0.042181 0.019547
0 0.534465 0.921399 0.033951 0.020576
0 0.419239 0.844239 0.040123 0.020576
0 0.295267 0.873560 0.041152 0.017490
0 0.191872 0.889506 0.042181 0.020576
0 0.204733 0.852984 0.045267 0.023663
0 0.115226 0.879218 0.039095 0.016461
0 0.245370 0.146605 0.048354 0.021605
0 0.579733 0.170782 0.042181 0.020576
0 0.739712 0.259259 0.045267 0.026749
0 0.438786 0.263374 0.042181 0.020576