0 0.604701 0.922507 0.049858 0.022792
0 0.360399 0.891880 0.019943 0.035613
0 0.529202 0.865527 0.015670 0.028490
0 0.534900 0.797151 0.018519 0.034188
0 0.369658 0.670370 0.044160 0.034188
0 0.423077 0.616952 0.031339 0.024217
0 0.587607 0.661823 0.018519 0.022792
0 0.551994 0.493020 0.018519 0.027066
0 0.626781 0.453134 0.019943 0.041311
0 0.606125 0.411823 0.024217 0.038462
0 0.561254 0.386182 0.025641 0.044160
0 0.522080 0.409687 0.024217 0.045584
0 0.517806 0.302849 0.021368 0.028490
0 0.286325 0.217949 0.028490 0.042735
0 0.354701 0.211538 0.017094 0.032764
0 0.434473 0.257123 0.019943 0.035613
0 0.477208 0.251425 0.022792 0.029915
0 0.548444 0.241111 0.020741 0.033333
0 0.509185 0.242593 0.014815 0.025926
0 0.512148 0.220741 0.020741 0.028148
0 0.488074 0.224074 0.020000 0.033333
0 0.519185 0.135556 0.024444 0.029630
0 0.477333 0.157778 0.026667 0.040000
0 0.483630 0.129630 0.017037 0.022222
0 0.465852 0.100370 0.021481 0.042222
0 0.489926 0.062222 0.022222 0.041481
0 0.471407 0.058148 0.019259 0.040741
0 0.430667 0.056667 0.017778 0.031852