0 0.605926 0.200000 0.081481 0.103704
0 0.506852 0.177778 0.061111 0.100000
0 0.677222 0.311111 0.057407 0.070370
0 0.780000 0.390741 0.077778 0.077778
0 0.695741 0.482407 0.083333 0.072222
0 0.667963 0.621296 0.053704 0.105556
0 0.552222 0.684259 0.074074 0.112963
0 0.566111 0.560185 0.046296 0.079630
0 0.466111 0.554630 0.079630 0.083333
0 0.563333 0.452778 0.066667 0.101852
0 0.392037 0.431481 0.105556 0.048148
0 0.334630 0.285185 0.064815 0.114815
0 0.363333 0.246296 0.111111 0.122222
0 0.430926 0.259259 0.079630 0.144444