0 0.659877 0.203704 0.066358 0.104938
0 0.485494 0.146991 0.086420 0.099537
0 0.547222 0.221065 0.095679 0.045525
0 0.466590 0.243827 0.057870 0.100309
0 0.397145 0.306713 0.087191 0.114969
0 0.407948 0.256173 0.068673 0.092593
0 0.497454 0.375772 0.064043 0.072531
0 0.398302 0.436728 0.075617 0.077160
0 0.609722 0.386960 0.100309 0.155093
0 0.738194 0.449846 0.076389 0.100309
0 0.766744 0.360340 0.081019 0.114198
0 0.489352 0.499228 0.063272 0.078704
0 0.546836 0.573688 0.076389 0.096451
0 0.566512 0.625386 0.064815 0.062500
0 0.657948 0.581019 0.074846 0.083333