0 0.765302 0.524074 0.035088 0.047758
0 0.080991 0.241885 0.025599 0.032135
0 0.146351 0.330664 0.036492 0.033224
0 0.165414 0.324673 0.036492 0.039760
0 0.193192 0.339379 0.029956 0.045207
0 0.198094 0.364706 0.036492 0.033769
0 0.246024 0.396024 0.034314 0.038671
0 0.245752 0.430338 0.032680 0.027778
0 0.312745 0.416176 0.041394 0.037582
0 0.295316 0.452941 0.046841 0.054466
0 0.292593 0.477451 0.035948 0.035948
0 0.370172 0.466931 0.036376 0.034392
0 0.396627 0.541997 0.032407 0.037698
0 0.390598 0.554796 0.028490 0.032289
0 0.493637 0.593257 0.024691 0.020893
0 0.437132 0.605366 0.034188 0.033713
0 0.415052 0.613913 0.028015 0.031814
0 0.453989 0.642403 0.029915 0.030864
0 0.523077 0.672317 0.026591 0.036562
0 0.494349 0.673742 0.031814 0.037512
0 0.476306 0.675404 0.033713 0.033238
0 0.548481 0.695821 0.019468 0.023742
0 0.520703 0.717664 0.030389 0.030389
0 0.568424 0.725736 0.034663 0.036087
0 0.549668 0.740218 0.028490 0.033713
0 0.623029 0.729772 0.029915 0.040361
0 0.321572 0.864865 0.035536 0.030030
0 0.583808 0.786325 0.031814 0.030389
0 0.627730 0.781339 0.047483 0.028965
0 0.647673 0.814340 0.033238 0.027540
0 0.645537 0.828348 0.030864 0.026116
0 0.686372 0.827160 0.032764 0.028490
0 0.669278 0.847341 0.028015 0.018519
0 0.691595 0.871083 0.035613 0.030864
0 0.721985 0.892925 0.039411 0.028965
0 0.781814 0.916002 0.034663 0.021368
0 0.806743 0.951852 0.039886 0.028490
0 0.863343 0.983951 0.041785 0.031339