0 0.482043 0.127946 0.053872 0.071829
0 0.602974 0.168070 0.048822 0.086981
0 0.616723 0.211560 0.066218 0.056117
0 0.634119 0.282548 0.069585 0.088103
0 0.702020 0.209035 0.067340 0.089226
0 0.708754 0.289001 0.069585 0.076319
0 0.504489 0.212402 0.071829 0.090348
0 0.554153 0.250281 0.048822 0.096521
0 0.567340 0.331930 0.077441 0.091470
0 0.494388 0.362233 0.060606 0.108305
0 0.382155 0.262626 0.077441 0.122334
0 0.338664 0.384119 0.058923 0.103816
0 0.682099 0.363917 0.066779 0.056678
0 0.763923 0.371605 0.063100 0.082305
0 0.454252 0.491632 0.082990 0.098765
0 0.374691 0.512551 0.041838 0.073388
0 0.404870 0.573937 0.074760 0.069959
0 0.453224 0.595885 0.082305 0.104252
0 0.461111 0.648011 0.092593 0.071331
0 0.567764 0.626406 0.078189 0.087106
0 0.657956 0.671674 0.072016 0.095336
0 0.654527 0.601029 0.078875 0.087106
0 0.563992 0.484774 0.052812 0.090535
0 0.622977 0.494376 0.084362 0.112483
0 0.641495 0.450823 0.054184 0.061043
0 0.702538 0.488203 0.061043 0.101509
0 0.745748 0.513580 0.059671 0.100137