0 0.707778 0.833333 0.144444 0.096296
0 0.868889 0.912037 0.137037 0.068519
0 0.512407 0.840741 0.142593 0.100000
0 0.538333 0.931481 0.116667 0.033333
0 0.157778 0.851852 0.125926 0.059259
0 0.965000 0.269444 0.070000 0.053704
0 0.957593 0.115741 0.084814 0.083333
0 0.933704 0.165741 0.114815 0.079630
0 0.811481 0.123148 0.125926 0.064815
0 0.801296 0.170370 0.112963 0.048148
0 0.692963 0.166667 0.133333 0.096296
0 0.578148 0.169444 0.118519 0.068519
0 0.623518 0.046296 0.135185 0.088889
0 0.529074 0.080556 0.105556 0.061111
0 0.437407 0.071296 0.096296 0.053704
0 0.375370 0.114815 0.124074 0.081481
0 0.300370 0.038889 0.074074 0.055556