0 0.189259 0.832685 0.057407 0.025000
0 0.257778 0.799815 0.059259 0.025926
0 0.361481 0.816944 0.048148 0.025000
0 0.446667 0.802593 0.046296 0.024074
0 0.509167 0.796111 0.045370 0.024074
0 0.562407 0.810463 0.053704 0.021296
0 0.678611 0.805833 0.058333 0.019444
0 0.782778 0.799815 0.037037 0.018519
0 0.479762 0.455026 0.062169 0.029101
0 0.674206 0.269841 0.056878 0.023810
0 0.921561 0.228836 0.064815 0.031746
0 0.318386 0.274471 0.059524 0.027778
0 0.321693 0.365741 0.050265 0.022487
0 0.032764 0.322222 0.056980 0.025641