0 0.635556 0.142593 0.077778 0.070370
0 0.554074 0.214815 0.066667 0.100000
0 0.629074 0.262037 0.050000 0.087037
0 0.740185 0.334259 0.068519 0.087037
0 0.669815 0.401852 0.075926 0.096296
0 0.587407 0.375926 0.062963 0.100000
0 0.681852 0.500000 0.044444 0.096296
0 0.661481 0.641667 0.077778 0.083333
0 0.581852 0.660185 0.074074 0.087037
0 0.495741 0.640741 0.068519 0.092593
0 0.534630 0.473148 0.068519 0.087037
0 0.394815 0.558333 0.077778 0.109259
0 0.393889 0.413889 0.098148 0.101852
0 0.410556 0.337963 0.087037 0.064815
0 0.328148 0.310185 0.070370 0.101852
0 0.365185 0.250000 0.066667 0.107407
0 0.457778 0.273148 0.085185 0.079630