0 0.015926 0.249383 0.030864 0.024691
0 0.103580 0.269753 0.043210 0.018519
0 0.105432 0.209877 0.069136 0.034568
0 0.212222 0.222840 0.065432 0.025926
0 0.622099 0.141358 0.060494 0.023457
0 0.627654 0.215432 0.059259 0.033333
0 0.819630 0.225926 0.072840 0.029630
0 0.889383 0.356790 0.061728 0.027160
0 0.734444 0.326543 0.038272 0.023457
0 0.939383 0.264198 0.058025 0.024691
0 0.288765 0.636543 0.053086 0.024691
0 0.495556 0.582222 0.049383 0.024691
0 0.608519 0.597037 0.048148 0.024691
0 0.660988 0.576049 0.054321 0.039506
0 0.767778 0.595802 0.050617 0.029630
0 0.860988 0.606914 0.046914 0.022222
0 0.692469 0.807531 0.033333 0.058025