0 0.941084 0.567901 0.076132 0.060357
0 0.846776 0.597737 0.109739 0.055556
0 0.839918 0.550412 0.076818 0.045953
0 0.788134 0.427641 0.091221 0.054184
0 0.723320 0.613512 0.085048 0.063786
0 0.656104 0.557956 0.094650 0.056927
0 0.521674 0.548697 0.106996 0.054870
0 0.542250 0.491770 0.075446 0.046639
0 0.432510 0.596708 0.074074 0.063100
0 0.507270 0.355624 0.065844 0.040466
0 0.407819 0.359396 0.064472 0.043896
0 0.375765 0.630757 0.058776 0.043478
0 0.505395 0.258776 0.074879 0.053140
0 0.243317 0.357810 0.083736 0.062802
0 0.209903 0.290580 0.065217 0.050725
0 0.133011 0.328019 0.064412 0.069243
0 0.178502 0.439936 0.065217 0.054750
0 0.219968 0.526892 0.059581 0.038647
0 0.149517 0.506361 0.071659 0.049114
0 0.026651 0.481401 0.053301 0.057166
0 0.065378 0.449597 0.082126 0.051530