0 0.030627 0.672792 0.061254 0.095442
0 0.183761 0.407407 0.065527 0.079772
0 0.074786 0.518519 0.064103 0.079772
0 0.351852 0.257835 0.065527 0.094017
0 0.505463 0.052778 0.067593 0.101852
0 0.649259 0.461728 0.058025 0.093827
0 0.778889 0.306790 0.062963 0.082716
0 0.862070 0.200617 0.066971 0.080247
0 0.936914 0.120370 0.065432 0.085185
0 0.887531 0.110494 0.082716 0.104938
0 0.960731 0.034900 0.078348 0.066952
0 0.744065 0.979725 0.049383 0.040550
0 0.767094 0.891311 0.062203 0.052707
0 0.864435 0.924786 0.082146 0.070275
0 0.952279 0.933333 0.093542 0.129155