0 0.507778 0.149074 0.062963 0.057407
0 0.397593 0.217593 0.079630 0.090741
0 0.369815 0.336111 0.053704 0.094444
0 0.492037 0.229630 0.083333 0.074074
0 0.606852 0.205556 0.075926 0.077778
0 0.718889 0.289815 0.048148 0.087037
0 0.652222 0.315741 0.070370 0.094444
0 0.568889 0.371296 0.074074 0.105556
0 0.447593 0.425926 0.072222 0.111111
0 0.389259 0.541667 0.074074 0.090741
0 0.567037 0.525000 0.074074 0.101852
0 0.506852 0.661111 0.075926 0.085185
0 0.595741 0.625926 0.072222 0.100000
0 0.695741 0.580556 0.079630 0.098148
0 0.696667 0.491667 0.096296 0.064815
0 0.702222 0.421296 0.088889 0.075926