0 0.078676 0.775982 0.012346 0.013468
0 0.089899 0.767003 0.020202 0.011223
0 0.109544 0.768091 0.019468 0.009497
0 0.119041 0.746961 0.020418 0.011871
0 0.161538 0.727018 0.017094 0.013770
0 0.196201 0.711586 0.010446 0.016144
0 0.287132 0.671937 0.021368 0.013770
0 0.308500 0.657930 0.015670 0.015195
0 0.382906 0.584378 0.027540 0.021368
0 0.610826 0.475641 0.016144 0.013770
0 0.686087 0.472317 0.019468 0.012821
0 0.014738 0.567515 0.029475 0.013117
0 0.054552 0.541281 0.019290 0.019290
0 0.083102 0.529707 0.027006 0.014660
0 0.171451 0.483025 0.018519 0.013889
0 0.197685 0.469907 0.020062 0.013889
0 0.213117 0.434799 0.027778 0.010031
0 0.297994 0.420139 0.015432 0.022377
0 0.401775 0.365741 0.017747 0.015432
0 0.032176 0.326775 0.022377 0.017747
0 0.037191 0.307485 0.030864 0.013117
0 0.007870 0.307870 0.012346 0.013889
0 0.084259 0.279321 0.010802 0.013889
0 0.131713 0.254630 0.017747 0.010802
0 0.161034 0.219136 0.028549 0.016975
0 0.208102 0.207176 0.017747 0.020833
0 0.252469 0.180170 0.026235 0.010031
0 0.277546 0.158565 0.017747 0.014660
0 0.241281 0.214120 0.020833 0.016204
0 0.234722 0.205247 0.016975 0.015432