0 0.983751 0.525090 0.011947 0.014337
0 0.945520 0.745221 0.013142 0.012545
0 0.784331 0.788841 0.014245 0.011871
0 0.749430 0.770798 0.013770 0.009022
0 0.724264 0.757265 0.016619 0.009497
0 0.888651 0.941405 0.014720 0.007597
0 0.893400 0.950902 0.013770 0.012346
0 0.780389 0.896771 0.012821 0.012346
0 0.685043 0.971652 0.015670 0.009972
0 0.651330 0.950760 0.020418 0.014720
0 0.452849 0.981387 0.010921 0.015195
0 0.641833 0.815195 0.015670 0.015195
0 0.614530 0.814482 0.014245 0.012821
0 0.560636 0.766762 0.021368 0.015195
0 0.285127 0.884259 0.016782 0.013889
0 0.244329 0.866319 0.015046 0.012731
0 0.201794 0.498553 0.013310 0.012153