0 0.681481 0.408201 0.063492 0.039683
0 0.924206 0.357937 0.054233 0.034392
0 0.982937 0.239550 0.034126 0.054233
0 0.893122 0.287169 0.058201 0.043651
0 0.877910 0.191931 0.059524 0.041005
0 0.837566 0.230291 0.066138 0.041005
0 0.801852 0.288492 0.052910 0.035714
0 0.754233 0.240212 0.063492 0.031746
0 0.678836 0.247487 0.076720 0.046296
0 0.602778 0.276587 0.046296 0.025132
0 0.469841 0.243519 0.060847 0.025132
0 0.473148 0.266667 0.051587 0.015873
0 0.513492 0.251455 0.047619 0.025132
0 0.974471 0.105159 0.048942 0.038360
0 0.837566 0.119048 0.066138 0.034392
0 0.637169 0.074074 0.062169 0.031746
0 0.435450 0.194444 0.042328 0.029101
0 0.481746 0.191799 0.047619 0.031746
0 0.450661 0.120370 0.059524 0.031746
0 0.379894 0.072751 0.058201 0.034392
0 0.378571 0.161376 0.066138 0.047619
0 0.219180 0.126984 0.072751 0.037037