0 0.104568 0.119753 0.017284 0.012346
0 0.124012 0.116667 0.022840 0.013580
0 0.172469 0.155556 0.014815 0.016049
0 0.146235 0.147531 0.020370 0.013580
0 0.220617 0.181173 0.024691 0.019136
0 0.282346 0.217284 0.016049 0.014815
0 0.336049 0.255556 0.016049 0.011111
0 0.395617 0.275926 0.026543 0.016049
0 0.095617 0.304321 0.016667 0.032099
0 0.626437 0.406833 0.017880 0.012133
0 0.603129 0.395658 0.028736 0.012771
0 0.842273 0.444828 0.030651 0.011494
0 0.896232 0.555300 0.028736 0.017880
0 0.429274 0.595085 0.023504 0.016382
0 0.540385 0.633191 0.019231 0.012821
0 0.592023 0.682692 0.027066 0.019231