0 0.645394 0.228205 0.057930 0.057930
0 0.598386 0.125641 0.085470 0.101614
0 0.666287 0.161728 0.047483 0.080722
0 0.616667 0.175736 0.075499 0.059354
0 0.573694 0.333856 0.073124 0.089744
0 0.549715 0.372792 0.075499 0.084995
0 0.395632 0.238651 0.071225 0.082621
0 0.536895 0.238177 0.058405 0.094967
0 0.589126 0.275214 0.082146 0.093067
0 0.396581 0.347388 0.065527 0.077873
0 0.441453 0.432859 0.076448 0.065527
0 0.346249 0.452089 0.080722 0.109687
0 0.451425 0.613770 0.087844 0.109212
0 0.528585 0.599763 0.065527 0.108737
0 0.574169 0.565812 0.095916 0.109212
0 0.599810 0.646296 0.086420 0.095442
0 0.594112 0.490313 0.112061 0.067426
0 0.715648 0.318611 0.062037 0.087963
0 0.754537 0.357500 0.056481 0.091667
0 0.675833 0.382500 0.073148 0.102778
0 0.718889 0.479722 0.072222 0.082407
0 0.674444 0.545463 0.105556 0.084259
0 0.726759 0.545926 0.056481 0.081481
0 0.682315 0.586667 0.080556 0.094444