0 0.092284 0.550617 0.157407 0.070988
0 0.213426 0.356944 0.094136 0.054012
0 0.317593 0.369290 0.120370 0.044753
0 0.404012 0.303704 0.101852 0.037037
0 0.512809 0.340741 0.081790 0.037037
0 0.430247 0.391667 0.067901 0.049383
0 0.739660 0.302932 0.094136 0.038580
0 0.961111 0.336883 0.070988 0.047840
0 0.937191 0.465741 0.081790 0.049383
0 0.824537 0.517438 0.103395 0.047840
0 0.736574 0.495062 0.112654 0.046296
0 0.595370 0.545216 0.104938 0.038580
0 0.676389 0.395525 0.072531 0.041667
0 0.588426 0.407870 0.084877 0.050926