0 0.561481 0.124074 0.088889 0.122222
0 0.695741 0.234259 0.072222 0.098148
0 0.725370 0.366667 0.079630 0.096296
0 0.630926 0.372222 0.053704 0.070370
0 0.707778 0.482407 0.074074 0.046296
0 0.546667 0.482407 0.062963 0.094444
0 0.693889 0.608333 0.072222 0.101852
0 0.629074 0.657407 0.068519 0.070370
0 0.487407 0.601852 0.066667 0.100000
0 0.508704 0.693519 0.072222 0.109259
0 0.409630 0.518519 0.066667 0.118519
0 0.480926 0.361111 0.061111 0.122222
0 0.545741 0.265741 0.072222 0.109259
0 0.437169 0.217460 0.030423 0.101852
0 0.386574 0.175794 0.072090 0.075397
0 0.363095 0.222090 0.071429 0.059524
0 0.401455 0.248876 0.038360 0.101190
0 0.341931 0.319643 0.062169 0.064153
0 0.318783 0.259788 0.082011 0.060847