0 0.741111 0.881481 0.037037 0.040741
0 0.688194 0.609259 0.023148 0.034722
0 0.771528 0.566435 0.032407 0.046296
0 0.893056 0.470949 0.039352 0.040509
0 0.937616 0.343634 0.040509 0.049769
0 0.779051 0.505671 0.024306 0.031250
0 0.546852 0.178086 0.025309 0.045062
0 0.564753 0.197840 0.026543 0.027778
0 0.621543 0.102469 0.021605 0.032099
0 0.503951 0.340432 0.025926 0.030247
0 0.428025 0.377469 0.022222 0.036420
0 0.351790 0.589198 0.019136 0.026543
0 0.041176 0.919499 0.030501 0.029412
0 0.085294 0.876471 0.025054 0.034858
0 0.132680 0.827451 0.021786 0.039216
0 0.222549 0.762636 0.018519 0.033769
0 0.183333 0.726688 0.020697 0.027233
0 0.275381 0.670588 0.026144 0.039216
0 0.246514 0.625926 0.029412 0.028322
0 0.214379 0.630283 0.021786 0.021786
0 0.227996 0.605229 0.022876 0.030501
0 0.185512 0.626471 0.029412 0.029412