0 0.324603 0.969577 0.034392 0.014991
0 0.452910 0.903880 0.028219 0.021164
0 0.494356 0.884921 0.028219 0.022046
0 0.496120 0.911376 0.031746 0.020282
0 0.538448 0.887566 0.024691 0.020282
0 0.569753 0.888448 0.030864 0.022046
0 0.631041 0.839065 0.044092 0.034392
0 0.679541 0.824074 0.031746 0.016755
0 0.719224 0.799824 0.040564 0.022928
0 0.759347 0.738977 0.032628 0.017637
0 0.767284 0.762787 0.032628 0.017637
0 0.856790 0.729277 0.028219 0.019400
0 0.850617 0.707231 0.028219 0.021164
0 0.283630 0.742074 0.015556 0.022222
0 0.420667 0.655037 0.021481 0.024444
0 0.471778 0.630593 0.020000 0.024444
0 0.496963 0.636148 0.033333 0.025185
0 0.591407 0.579111 0.022222 0.022222
0 0.613630 0.582074 0.017778 0.022222
0 0.690296 0.541704 0.033333 0.025926
0 0.374741 0.320370 0.034815 0.012593
0 0.236222 0.249259 0.015556 0.034815
0 0.818376 0.467236 0.032764 0.022792
0 0.837607 0.435897 0.042735 0.022792
0 0.856838 0.478632 0.038462 0.034188