0 0.383630 0.174815 0.064444 0.111111
0 0.403630 0.276667 0.061481 0.083704
0 0.392889 0.224074 0.117037 0.064444
0 0.464370 0.112593 0.068889 0.071111
0 0.468815 0.167778 0.057037 0.067407
0 0.509185 0.152222 0.056296 0.114815
0 0.614000 0.163704 0.051111 0.078519
0 0.709556 0.219259 0.088148 0.047407
0 0.718444 0.313704 0.062963 0.094074
0 0.591778 0.277037 0.079259 0.068148
0 0.552148 0.372593 0.065185 0.084444
0 0.421037 0.429259 0.078519 0.119259
0 0.535481 0.519259 0.055556 0.084444
0 0.625481 0.481481 0.065185 0.091852
0 0.716963 0.524074 0.094074 0.048148
0 0.652148 0.647037 0.078519 0.098519
0 0.519926 0.694815 0.070370 0.124444