0 0.333210 0.201235 0.132099 0.120988
0 0.151111 0.101235 0.091358 0.103704
0 0.085679 0.100000 0.079012 0.098765
0 0.029506 0.056173 0.053086 0.107407
0 0.095556 0.167284 0.079012 0.085185
0 0.227654 0.263580 0.064198 0.075309
0 0.165309 0.264815 0.055556 0.085185
0 0.154815 0.391358 0.098765 0.125926
0 0.075185 0.400000 0.124691 0.098765
0 0.253580 0.376543 0.074074 0.116049
0 0.344321 0.441358 0.092593 0.095062
0 0.476420 0.482716 0.102469 0.111111
0 0.678272 0.680988 0.130864 0.123457
0 0.900926 0.839043 0.126543 0.134259
0 0.713426 0.883796 0.072531 0.109568
0 0.802932 0.920062 0.094136 0.120370
0 0.565278 0.938580 0.155864 0.120370
0 0.953395 0.959414 0.080247 0.078704