0 0.581268 0.510613 0.033476 0.043447
0 0.642165 0.596439 0.032764 0.044160
0 0.624715 0.538390 0.022080 0.030627
0 0.582336 0.468946 0.034188 0.034188
0 0.526068 0.306197 0.037037 0.033476
0 0.542806 0.363177 0.030627 0.036325
0 0.343732 0.222507 0.031339 0.042735
0 0.292450 0.179060 0.024217 0.041311
0 0.772151 0.018875 0.030627 0.032051
0 0.144815 0.038889 0.037037 0.048148
0 0.278148 0.283333 0.025926 0.037037
0 0.246667 0.233333 0.033333 0.037037
0 0.458285 0.539181 0.023392 0.044834
0 0.497271 0.515789 0.019493 0.027290
0 0.784795 0.888986 0.033138 0.041910