0 0.654074 0.172222 0.070370 0.085185
0 0.581852 0.168519 0.066667 0.055556
0 0.507778 0.212963 0.059259 0.088889
0 0.431852 0.218519 0.062963 0.066667
0 0.469815 0.371296 0.075926 0.109259
0 0.530000 0.327778 0.051852 0.088889
0 0.618889 0.270370 0.070370 0.096296
0 0.615185 0.371296 0.081481 0.105556
0 0.754074 0.347222 0.096296 0.090741
0 0.722593 0.480556 0.081481 0.079630
0 0.716111 0.599074 0.087037 0.087037
0 0.613333 0.575926 0.066667 0.085185
0 0.568889 0.598148 0.066667 0.077778
0 0.522593 0.687963 0.088889 0.150000
0 0.412407 0.567593 0.072222 0.098148
0 0.446667 0.474074 0.074074 0.055556
0 0.365305 0.415251 0.073529 0.069717
0 0.377015 0.325381 0.063181 0.083878
0 0.337527 0.356427 0.066993 0.108932