0 0.252315 0.495635 0.028439 0.018519
0 0.308862 0.658333 0.021164 0.027778
0 0.426918 0.579630 0.013889 0.018519
0 0.579696 0.477116 0.019180 0.019841
0 0.439981 0.952517 0.028490 0.017094
0 0.507407 0.915480 0.027540 0.018044
0 0.467996 0.883903 0.025641 0.022317
0 0.571985 0.872032 0.020893 0.019468
0 0.522602 0.795821 0.030389 0.020893
0 0.653656 0.833096 0.018044 0.017569
0 0.645347 0.736942 0.017569 0.018993
0 0.726218 0.789864 0.018519 0.019493
0 0.789084 0.757212 0.028265 0.018519
0 0.818324 0.724074 0.023392 0.017544
0 0.776413 0.663645 0.031189 0.020468
0 0.899951 0.642203 0.023879 0.022417
0 0.914571 0.962329 0.022904 0.018031
0 0.834893 0.954045 0.018519 0.018031