0 0.261574 0.839153 0.031085 0.038360
0 0.309524 0.880820 0.047619 0.041005
0 0.444775 0.884458 0.033730 0.025794
0 0.560516 0.805093 0.041667 0.032407
0 0.536045 0.774008 0.037698 0.049603
0 0.438492 0.774008 0.047619 0.035053
0 0.456680 0.741270 0.032407 0.034392
0 0.536706 0.717791 0.042989 0.037698
0 0.714286 0.660913 0.042328 0.035053
0 0.664683 0.585847 0.039683 0.043651
0 0.791005 0.524272 0.033069 0.021825
0 0.757275 0.482606 0.034392 0.039021
0 0.844907 0.446230 0.021825 0.025794
0 0.865741 0.407209 0.041005 0.025794
0 0.890212 0.370833 0.027778 0.028439
0 0.872024 0.247156 0.020503 0.024471
0 0.041799 0.431548 0.030423 0.028439
0 0.108598 0.407738 0.038360 0.027116
0 0.147950 0.360780 0.029762 0.029762
0 0.177381 0.342593 0.029101 0.034392
0 0.211442 0.342262 0.028439 0.033730
0 0.250463 0.315476 0.017857 0.039683
0 0.348677 0.222553 0.026455 0.017857