0 0.471667 0.780556 0.083333 0.046296
0 0.946950 0.141612 0.075163 0.052288
0 0.864706 0.267429 0.091503 0.040305
0 0.774837 0.198802 0.099129 0.049020
0 0.840741 0.153050 0.078431 0.038126
0 0.720370 0.113290 0.090414 0.034858
0 0.631590 0.130174 0.078431 0.038126
0 0.563508 0.145425 0.086057 0.038126
0 0.471460 0.136710 0.084967 0.035948
0 0.410458 0.161220 0.071895 0.041394
0 0.367974 0.223856 0.108932 0.040305
0 0.615795 0.025054 0.079521 0.037037
0 0.503595 0.034314 0.099129 0.044662
0 0.556427 0.075708 0.080610 0.031590
0 0.556427 0.112200 0.065359 0.021786
0 0.340741 0.055011 0.098039 0.038126
0 0.181699 0.052832 0.076253 0.033769
0 0.097821 0.099129 0.074074 0.034858
0 0.016005 0.162698 0.032010 0.047619
0 0.032011 0.107804 0.060847 0.043651
0 0.009392 0.050265 0.018783 0.026455