0 0.913105 0.807123 0.068376 0.034188
0 0.933761 0.880484 0.061254 0.032764
0 0.967949 0.913960 0.055556 0.034188
0 0.529915 0.879060 0.062678 0.035613
0 0.498575 0.911111 0.065527 0.028490
0 0.432336 0.876923 0.061254 0.028490
0 0.381766 0.825641 0.065527 0.039886
0 0.282051 0.851994 0.059829 0.027066
0 0.294160 0.918234 0.058405 0.025641
0 0.385328 0.983048 0.064103 0.024217
0 0.633191 0.971652 0.061254 0.024217
0 0.669516 0.986610 0.062678 0.019943
0 0.732906 0.985185 0.058405 0.019943
0 0.855413 0.986182 0.061254 0.027635
0 0.918803 0.989459 0.039886 0.019943
0 0.198718 0.879772 0.064103 0.022792
0 0.178063 0.936040 0.054131 0.029915
0 0.233618 0.934615 0.054131 0.018519
0 0.133191 0.842023 0.049858 0.024217
0 0.027778 0.833476 0.055556 0.032764
0 0.051282 0.952422 0.059829 0.025641
0 0.041311 0.983048 0.062678 0.024217