0 0.541534 0.125661 0.066138 0.103175
0 0.426455 0.185185 0.075838 0.102293
0 0.665432 0.223545 0.061728 0.089065
0 0.608113 0.281746 0.049383 0.117284
0 0.581658 0.306878 0.063492 0.098765
0 0.751852 0.415344 0.070547 0.072310
0 0.467901 0.395503 0.056437 0.064374
0 0.373545 0.358907 0.056437 0.091711
0 0.637513 0.514974 0.064021 0.092593
0 0.667937 0.598836 0.091005 0.045503
0 0.535661 0.691958 0.068783 0.087831
0 0.576402 0.557037 0.056085 0.081481
0 0.563968 0.558095 0.061905 0.061376
0 0.494127 0.511270 0.044974 0.073545
0 0.522698 0.558360 0.036508 0.066138
0 0.465820 0.527937 0.094180 0.115344
0 0.431958 0.573175 0.047619 0.103175