0 0.455912 0.490313 0.023504 0.025641
0 0.411396 0.398077 0.029915 0.023504
0 0.384687 0.432977 0.023504 0.023504
0 0.261111 0.371724 0.025641 0.020655
0 0.227279 0.355342 0.013533 0.030627
0 0.193447 0.305128 0.018519 0.019943
0 0.474074 0.230342 0.024217 0.022792
0 0.627564 0.297293 0.022080 0.029915
0 0.453063 0.183405 0.022080 0.017806
0 0.421368 0.167023 0.029915 0.019231
0 0.256125 0.097222 0.027066 0.016382
0 0.322009 0.071937 0.024929 0.017094
0 0.732977 0.070513 0.030627 0.019943
0 0.800997 0.776496 0.025641 0.015670
0 0.746510 0.701709 0.032051 0.024217
0 0.711254 0.671795 0.031339 0.027066
0 0.681695 0.708476 0.026353 0.016382