0 0.522593 0.108333 0.074074 0.072222
0 0.619815 0.144444 0.075926 0.096296
0 0.467963 0.209259 0.053704 0.092593
0 0.727222 0.270370 0.087037 0.096296
0 0.568889 0.295370 0.085185 0.075926
0 0.602222 0.412037 0.077778 0.094444
0 0.716111 0.384259 0.075926 0.098148
0 0.405000 0.264815 0.075926 0.077778
0 0.344815 0.297222 0.055556 0.075926
0 0.383704 0.318519 0.074074 0.066667
0 0.395741 0.372222 0.094444 0.059259
0 0.350370 0.451852 0.070370 0.074074
0 0.390185 0.561111 0.075926 0.070370
0 0.503148 0.619444 0.072222 0.083333
0 0.641111 0.603704 0.074074 0.066667
0 0.749444 0.537963 0.079630 0.109259