0 0.621407 0.143333 0.031852 0.055556
0 0.700296 0.114815 0.023704 0.044444
0 0.747333 0.140741 0.027407 0.038519
0 0.776222 0.191481 0.025926 0.039259
0 0.792519 0.286667 0.036296 0.056296
0 0.754000 0.314815 0.022963 0.048889
0 0.774000 0.425185 0.036296 0.040000
0 0.820960 0.472391 0.022727 0.038721
0 0.817172 0.540572 0.025253 0.042088
0 0.845014 0.533333 0.018044 0.034188
0 0.839554 0.609307 0.035613 0.055081
0 0.867569 0.770750 0.029915 0.056030
0 0.961349 0.813010 0.022792 0.048433
0 0.892735 0.958737 0.025166 0.058405
0 0.831145 0.744613 0.052189 0.045455