0 0.530140 0.116667 0.076628 0.087484
0 0.527267 0.188506 0.067050 0.061303
0 0.642529 0.211175 0.051086 0.088761
0 0.723308 0.257791 0.049170 0.090038
0 0.526628 0.266092 0.074713 0.107918
0 0.433912 0.206944 0.043981 0.083333
0 0.381250 0.205498 0.035880 0.065394
0 0.349132 0.206366 0.041088 0.093750
0 0.346817 0.294618 0.059606 0.082755
0 0.386458 0.289988 0.049769 0.088542
0 0.413368 0.289988 0.043403 0.083912
0 0.402083 0.406019 0.054398 0.108796
0 0.524190 0.424248 0.052083 0.085069
0 0.634722 0.412674 0.070602 0.087384
0 0.725000 0.492535 0.061343 0.105903
0 0.465162 0.561111 0.078704 0.092593
0 0.602604 0.583391 0.076968 0.054977
0 0.709954 0.600463 0.069444 0.092593
0 0.562963 0.692477 0.065972 0.096065