0 0.560556 0.207407 0.094444 0.088889
0 0.572593 0.268519 0.122222 0.081481
0 0.670741 0.294444 0.074074 0.081481
0 0.752222 0.350926 0.066667 0.112963
0 0.630926 0.392593 0.090741 0.088889
0 0.541111 0.353704 0.088889 0.077778
0 0.445741 0.345370 0.064815 0.094444
0 0.447593 0.441667 0.079630 0.094444
0 0.342037 0.423148 0.068519 0.079630
0 0.537407 0.476852 0.074074 0.120370
0 0.646667 0.525000 0.085185 0.090741
0 0.436481 0.528704 0.083333 0.061111
0 0.601296 0.701852 0.087037 0.092593
0 0.478148 0.677778 0.059259 0.100000