0 0.911940 0.967788 0.051170 0.030702
0 0.844688 0.952924 0.057018 0.040936
0 0.811306 0.912963 0.068226 0.038012
0 0.824951 0.855702 0.077973 0.059942
0 0.763791 0.853265 0.039474 0.045322
0 0.719688 0.860819 0.050682 0.042885
0 0.651462 0.738743 0.049708 0.047271
0 0.717982 0.774318 0.072612 0.065789
0 0.714571 0.814279 0.049220 0.045322
0 0.654532 0.625097 0.070663 0.081384
0 0.568275 0.761793 0.079435 0.066277
0 0.509552 0.618275 0.083821 0.075536
0 0.482505 0.653606 0.082359 0.065302
0 0.401365 0.592203 0.082846 0.057505
0 0.393811 0.497904 0.071637 0.079435
0 0.467885 0.556628 0.055068 0.057505
0 0.291026 0.509544 0.088319 0.081197
0 0.326638 0.496368 0.079772 0.080484