0 0.431746 0.932452 0.059965 0.093474
0 0.394268 0.847795 0.053792 0.082892
0 0.454674 0.838095 0.045855 0.084656
0 0.571958 0.792681 0.049383 0.092593
0 0.379718 0.723457 0.054674 0.093474
0 0.439242 0.651587 0.055556 0.106702
0 0.448060 0.521076 0.059083 0.111993
0 0.506261 0.545767 0.050265 0.073192
0 0.396473 0.433333 0.068783 0.075838
0 0.373545 0.374691 0.047619 0.055556
0 0.645150 0.510494 0.049383 0.064374
0 0.746561 0.501235 0.065256 0.074074
0 0.642945 0.413933 0.046737 0.056437
0 0.642945 0.253086 0.057319 0.072310
0 0.709083 0.212963 0.055556 0.066138
0 0.672046 0.137125 0.053792 0.066138
0 0.470547 0.217372 0.042328 0.066138
0 0.492152 0.146825 0.057319 0.067901
0 0.564021 0.163580 0.061728 0.096120
0 0.554321 0.060847 0.054674 0.086420
0 0.514638 0.029101 0.056437 0.054674