0 0.310529 0.034127 0.040741 0.030159
0 0.474286 0.121429 0.046561 0.032275
0 0.424286 0.152910 0.042857 0.032804
0 0.357619 0.148413 0.048148 0.033333
0 0.523757 0.176720 0.038624 0.030688
0 0.524021 0.208201 0.039153 0.028042
0 0.522434 0.241534 0.041270 0.033333
0 0.499947 0.254497 0.043915 0.034921
0 0.601005 0.241005 0.071429 0.043915
0 0.706455 0.295238 0.038095 0.035979
0 0.683175 0.319577 0.034921 0.027513
0 0.654339 0.345767 0.058730 0.042857
0 0.732646 0.356085 0.034392 0.026455
0 0.783704 0.362698 0.043386 0.032275
0 0.842434 0.437302 0.040212 0.029101
0 0.802222 0.483598 0.040212 0.031746
0 0.963862 0.580423 0.041799 0.027513
0 0.979947 0.628836 0.040106 0.037566