0 0.019390 0.720643 0.038780 0.023420
0 0.164052 0.663453 0.033769 0.017974
0 0.179303 0.636220 0.031590 0.024510
0 0.281155 0.592102 0.031590 0.014706
0 0.368028 0.525654 0.024510 0.020153
0 0.449030 0.523192 0.026455 0.014991
0 0.421693 0.489242 0.028219 0.022928
0 0.488272 0.468519 0.039683 0.018519
0 0.462257 0.438977 0.024691 0.017637
0 0.534722 0.436806 0.027778 0.019290
0 0.613426 0.439120 0.030864 0.014660
0 0.587191 0.369676 0.029321 0.019290
0 0.664738 0.380478 0.027006 0.023920
0 0.679012 0.337654 0.026235 0.018519
0 0.831404 0.306790 0.031636 0.021605
0 0.917052 0.293673 0.025463 0.013889
0 0.935185 0.272454 0.026235 0.020833