0 0.173810 0.969665 0.036155 0.031746
0 0.362963 0.786243 0.031746 0.038801
0 0.269489 0.826808 0.033510 0.035273
0 0.310053 0.775661 0.037037 0.045855
0 0.629277 0.715697 0.040564 0.045855
0 0.560494 0.553439 0.038801 0.038801
0 0.567989 0.403086 0.034392 0.046737
0 0.718342 0.296384 0.029982 0.044974
0 0.667637 0.261552 0.027337 0.042328
0 0.714815 0.187037 0.038801 0.039683
0 0.778307 0.068783 0.031746 0.049383
0 0.870899 0.029982 0.040564 0.045855
0 0.831217 0.015873 0.042328 0.031746
0 0.682346 0.954815 0.019753 0.046914
0 0.749630 0.878580 0.037037 0.037654
0 0.800556 0.844321 0.035185 0.038272
0 0.878333 0.714383 0.042593 0.045062