0 0.390667 0.121481 0.074074 0.056296
0 0.422148 0.183333 0.082222 0.068889
0 0.538815 0.174444 0.080000 0.088148
0 0.702519 0.212593 0.077037 0.114074
0 0.588074 0.294444 0.070370 0.120741
0 0.646593 0.311111 0.043704 0.060741
0 0.691778 0.307778 0.061481 0.076296
0 0.338444 0.373704 0.058519 0.092593
0 0.391778 0.350741 0.061481 0.080741
0 0.451037 0.351481 0.095556 0.091111
0 0.459185 0.400000 0.082222 0.094815
0 0.466222 0.481111 0.077037 0.110370
0 0.497704 0.546667 0.108889 0.100741
0 0.375481 0.567407 0.073333 0.097778
0 0.616963 0.487407 0.046667 0.091852
0 0.745481 0.437778 0.081481 0.121481
0 0.649556 0.650370 0.074815 0.084444