0 0.468031 0.149610 0.074074 0.088694
0 0.534308 0.166179 0.064327 0.082846
0 0.695127 0.256335 0.074074 0.093567
0 0.443665 0.289474 0.079922 0.083821
0 0.398343 0.295322 0.055556 0.095517
0 0.570858 0.308480 0.076998 0.086745
0 0.668324 0.387427 0.078947 0.106238
0 0.369591 0.404483 0.074074 0.079922
0 0.412476 0.455653 0.060429 0.078947
0 0.531871 0.503899 0.075049 0.068226
0 0.620078 0.512671 0.066277 0.113060
0 0.685380 0.630117 0.070175 0.104288
0 0.605458 0.671540 0.077973 0.115010
0 0.478265 0.598441 0.073099 0.085770
0 0.401267 0.545322 0.082846 0.100390