0 0.055093 0.287616 0.039352 0.042824
0 0.121065 0.189236 0.037037 0.019676
0 0.111227 0.250000 0.031250 0.016204
0 0.114120 0.234375 0.032407 0.012731
0 0.168736 0.203704 0.041394 0.018519
0 0.140686 0.258442 0.043028 0.023420
0 0.159749 0.234205 0.050654 0.023965
0 0.235458 0.199346 0.023420 0.021786
0 0.216122 0.176198 0.029412 0.017974
0 0.190523 0.175654 0.026144 0.017974
0 0.248529 0.156318 0.028867 0.018519
0 0.262146 0.169935 0.028867 0.013072
0 0.268954 0.129357 0.032680 0.015795
0 0.284205 0.146514 0.028322 0.016340
0 0.335131 0.124183 0.041939 0.021786
0 0.335403 0.107026 0.021786 0.012527
0 0.334314 0.092865 0.025054 0.015795
0 0.389052 0.082789 0.036492 0.021786
0 0.384967 0.061002 0.035948 0.021786
0 0.421187 0.062364 0.032135 0.020153
0 0.406481 0.093682 0.036492 0.021786
0 0.456030 0.078822 0.024691 0.013295
0 0.465290 0.054606 0.030864 0.013295
0 0.536040 0.063865 0.034663 0.020418
0 0.513485 0.028015 0.026591 0.016144
0 0.487369 0.023742 0.029440 0.017094
0 0.475261 0.011159 0.029915 0.019468
0 0.554558 0.024454 0.025166 0.019468
0 0.592308 0.016144 0.020893 0.016144
0 0.642337 0.261175 0.035121 0.020434
0 0.483014 0.384100 0.030651 0.027458
0 0.267438 0.977932 0.054012 0.032407
0 0.809877 0.743364 0.046296 0.032407
0 0.881636 0.680864 0.029321 0.018519
0 0.961111 0.656944 0.033951 0.026235