0 0.393287 0.193673 0.074846 0.075617
0 0.492438 0.199460 0.089506 0.064043
0 0.612423 0.187114 0.050154 0.096451
0 0.691898 0.224537 0.065586 0.066358
0 0.639429 0.209877 0.054784 0.072531
0 0.728164 0.305556 0.073302 0.049383
0 0.645988 0.305170 0.069444 0.071759
0 0.385571 0.256173 0.057870 0.054012
0 0.394444 0.302469 0.070988 0.049383
0 0.390201 0.353395 0.094907 0.060185
0 0.395216 0.407022 0.070988 0.079475
0 0.352778 0.501543 0.081790 0.095679
0 0.431867 0.550540 0.053241 0.102623
0 0.499383 0.611883 0.078704 0.128086
0 0.573071 0.589506 0.033179 0.083333
0 0.681096 0.574460 0.087191 0.110340
0 0.624769 0.679398 0.051698 0.114969
0 0.764043 0.379244 0.054012 0.082562
0 0.675309 0.421682 0.049383 0.087191
0 0.603549 0.388503 0.074074 0.122685
0 0.520216 0.300926 0.063272 0.108025
0 0.559182 0.329475 0.074846 0.058642
0 0.526775 0.405478 0.062500 0.102623
0 0.507099 0.421296 0.063272 0.081790
0 0.543364 0.580633 0.052469 0.085648