0 0.673518 0.250000 0.068519 0.107407
0 0.765185 0.375926 0.096296 0.092593
0 0.554074 0.253704 0.077778 0.114815
0 0.457778 0.259259 0.074074 0.092593
0 0.374444 0.256481 0.074074 0.075926
0 0.332778 0.327778 0.068519 0.092593
0 0.391111 0.344444 0.055556 0.100000
0 0.446667 0.425000 0.070370 0.075926
0 0.506852 0.587963 0.050000 0.109259
0 0.432778 0.597222 0.068519 0.075926
0 0.554074 0.647222 0.051852 0.101852
0 0.693889 0.555556 0.072222 0.103704
0 0.568889 0.498148 0.074074 0.070370
0 0.618519 0.391377 0.098380 0.090856
0 0.592188 0.415394 0.076968 0.060185
0 0.639641 0.390220 0.058449 0.051505