0 0.471442 0.176901 0.090643 0.129630
0 0.659064 0.185185 0.066277 0.079922
0 0.605458 0.230994 0.076023 0.097466
0 0.693665 0.269493 0.059454 0.092593
0 0.761891 0.351365 0.061404 0.078947
0 0.659064 0.366959 0.058480 0.036062
0 0.591326 0.329435 0.078947 0.081871
0 0.343275 0.327973 0.068226 0.063353
0 0.440741 0.368421 0.089669 0.064327
0 0.426121 0.326511 0.033138 0.056530
0 0.524561 0.451267 0.077973 0.118908
0 0.382261 0.483431 0.074074 0.070175
0 0.602047 0.446394 0.061404 0.074074
0 0.746784 0.473684 0.048733 0.091618
0 0.591813 0.596979 0.091618 0.112086
0 0.668324 0.590643 0.055556 0.081871
0 0.476316 0.586257 0.073099 0.100390