0 0.883241 0.893981 0.058333 0.032407
0 0.159167 0.765278 0.043519 0.034259
0 0.357744 0.317901 0.042088 0.033109
0 0.523288 0.178451 0.037598 0.020202
0 0.703984 0.139169 0.054433 0.048260
0 0.541406 0.015195 0.033238 0.015195
0 0.513153 0.021842 0.023267 0.013295
0 0.452137 0.040598 0.024691 0.025166
0 0.402754 0.066239 0.028490 0.027066
0 0.040028 0.261752 0.037037 0.033476
0 0.036467 0.223647 0.038462 0.025641
0 0.083476 0.170584 0.031339 0.017806
0 0.211325 0.100783 0.036325 0.017806
0 0.249430 0.091880 0.045584 0.032764