0 0.504428 0.121176 0.057166 0.079710
0 0.588969 0.141304 0.063607 0.086151
0 0.566023 0.175926 0.046699 0.092593
0 0.728261 0.276167 0.066828 0.070853
0 0.559581 0.285024 0.099839 0.123994
0 0.718196 0.368760 0.077295 0.069243
0 0.373591 0.359903 0.082126 0.104670
0 0.464976 0.415459 0.041063 0.085346
0 0.555556 0.431965 0.082126 0.090982
0 0.609098 0.441626 0.052335 0.102254
0 0.696457 0.524960 0.088567 0.103060
0 0.466184 0.522142 0.077295 0.082931
0 0.384863 0.584944 0.062802 0.124799
0 0.492351 0.637681 0.057166 0.112721
0 0.523349 0.660628 0.075684 0.071659
0 0.653784 0.653784 0.088567 0.112721