0 0.185185 0.839174 0.037037 0.044160
0 0.082621 0.634046 0.019943 0.021368
0 0.047009 0.619801 0.028490 0.032764
0 0.534900 0.780057 0.044160 0.039886
0 0.405271 0.647578 0.041311 0.037037
0 0.238604 0.433903 0.032764 0.042735
0 0.366809 0.490883 0.029915 0.031339
0 0.188746 0.344872 0.027066 0.029915
0 0.150997 0.267949 0.037037 0.041311
0 0.107550 0.195299 0.032764 0.047009
0 0.054843 0.147578 0.029915 0.039886
0 0.520483 0.405780 0.020763 0.029742
0 0.518238 0.345174 0.018519 0.038721
0 0.480640 0.303086 0.019641 0.020763
0 0.437243 0.154321 0.026749 0.034979
0 0.394547 0.072531 0.021605 0.029835
0 0.534465 0.814506 0.021605 0.027778