0 0.414161 0.738017 0.019608 0.010893
0 0.392919 0.739107 0.013072 0.009804
0 0.374673 0.746460 0.013617 0.010349
0 0.486601 0.686002 0.015251 0.011438
0 0.471351 0.683007 0.008715 0.006536
0 0.517647 0.660675 0.011983 0.009804
0 0.504575 0.660403 0.011983 0.008170
0 0.625490 0.591231 0.007625 0.013617
0 0.667429 0.574891 0.013072 0.007081
0 0.666612 0.564542 0.014706 0.009259
0 0.679956 0.566721 0.016340 0.008170
0 0.700109 0.570261 0.013072 0.011983
0 0.706645 0.556645 0.008715 0.014161
0 0.736467 0.532194 0.015195 0.015195
0 0.753799 0.531244 0.013770 0.011396
0 0.759734 0.514150 0.014245 0.013295
0 0.793685 0.499193 0.013770 0.010921
0 0.824786 0.487797 0.015195 0.008072
0 0.825024 0.479487 0.017569 0.008547
0 0.862773 0.461918 0.009497 0.010446
0 0.857550 0.493970 0.014245 0.009022
0 0.885328 0.456458 0.010921 0.009022
0 0.896011 0.440076 0.011396 0.011396
0 0.904321 0.418946 0.016619 0.012821
0 0.947293 0.400665 0.015195 0.021842
0 0.950142 0.418471 0.016144 0.009022
0 0.924264 0.745632 0.018519 0.012821
0 0.346248 0.181043 0.018031 0.007310
0 0.369152 0.161793 0.018031 0.009747
0 0.382554 0.140595 0.013645 0.009259
0 0.400828 0.151072 0.017057 0.009747
0 0.425195 0.135721 0.016082 0.010234
0 0.441033 0.106238 0.017544 0.012671
0 0.490984 0.102827 0.014133 0.011696
0 0.485380 0.085770 0.019493 0.008772
0 0.626218 0.048246 0.014620 0.005848
0 0.628655 0.039230 0.015595 0.012183
0 0.323343 0.401072 0.012183 0.008772
0 0.352096 0.392544 0.012183 0.008285
0 0.386696 0.355750 0.011209 0.007797
0 0.328947 0.520955 0.023392 0.008772