0 0.584868 0.868677 0.046561 0.023280
0 0.654709 0.842222 0.041270 0.034921
0 0.681164 0.792222 0.044444 0.019577
0 0.971759 0.720370 0.030093 0.018519
0 0.880324 0.705903 0.025463 0.026620
0 0.821296 0.662500 0.034722 0.027778
0 0.023802 0.692702 0.026688 0.018519
0 0.011492 0.665196 0.022984 0.022331
0 0.089978 0.661656 0.025054 0.025054
0 0.193736 0.619444 0.040850 0.024510
0 0.268083 0.568791 0.027233 0.017974
0 0.360403 0.511874 0.026688 0.022876
0 0.372090 0.552050 0.026455 0.020503
0 0.434921 0.478968 0.021164 0.026455
0 0.570833 0.465079 0.029762 0.017196
0 0.633333 0.448876 0.027778 0.013889
0 0.658135 0.434656 0.028439 0.018519
0 0.484193 0.564616 0.020503 0.019180
0 0.404167 0.585450 0.020503 0.018519
0 0.803307 0.312963 0.018519 0.029101
0 0.834392 0.309987 0.027778 0.023148
0 0.861177 0.315939 0.023148 0.024471
0 0.371098 0.246032 0.036376 0.018519
0 0.383003 0.220899 0.029762 0.018519
0 0.392593 0.196098 0.022487 0.015212
0 0.462037 0.153439 0.033069 0.019841
0 0.481878 0.164352 0.030423 0.015212
0 0.493122 0.140873 0.033069 0.013228
0 0.508664 0.100860 0.033730 0.011243
0 0.480225 0.048942 0.025794 0.014550
0 0.246225 0.262464 0.029202 0.016382
0 0.165741 0.225783 0.030627 0.021368
0 0.134046 0.294872 0.034188 0.021368
0 0.204915 0.292379 0.036325 0.019231
0 0.064957 0.285613 0.027066 0.017094
0 0.008618 0.327635 0.017236 0.017094