0 0.450705 0.202381 0.053792 0.110229
0 0.503616 0.199735 0.034392 0.099647
0 0.614727 0.169312 0.055556 0.084656
0 0.747884 0.263228 0.097884 0.108466
0 0.639418 0.302028 0.067901 0.096120
0 0.532716 0.327601 0.055556 0.089065
0 0.399118 0.382275 0.070547 0.089065
0 0.675132 0.394621 0.082892 0.069665
0 0.767725 0.424162 0.079365 0.089947
0 0.703792 0.540564 0.064374 0.100529
0 0.683951 0.651675 0.058201 0.105820
0 0.577690 0.649030 0.089065 0.148148
0 0.593122 0.542769 0.077601 0.060847
0 0.554321 0.527778 0.084656 0.122575
0 0.470106 0.545414 0.055556 0.096120
0 0.385450 0.477072 0.046737 0.051146
0 0.417196 0.533510 0.076720 0.148148