0 0.019231 0.986182 0.038462 0.027635
0 0.019943 0.965242 0.037037 0.022792
0 0.071225 0.896866 0.034188 0.022792
0 0.232906 0.848433 0.032764 0.017094
0 0.356838 0.787179 0.035613 0.019943
0 0.392450 0.770798 0.032764 0.015670
0 0.393162 0.802137 0.042735 0.021368
0 0.438074 0.773185 0.032593 0.017778
0 0.468074 0.776148 0.033333 0.019259
0 0.524000 0.730593 0.038519 0.028889
0 0.566222 0.717259 0.028148 0.012593
0 0.605852 0.692815 0.036296 0.020000
0 0.648815 0.662815 0.025926 0.016296
0 0.642148 0.640222 0.030370 0.015556
0 0.734370 0.630593 0.032593 0.015556
0 0.727333 0.609481 0.028889 0.014815
0 0.362148 0.566148 0.025926 0.022963
0 0.412519 0.543926 0.024444 0.024444
0 0.438074 0.549852 0.034074 0.022963
0 0.498815 0.502444 0.032593 0.027407
0 0.526593 0.497259 0.022963 0.018519
0 0.546963 0.500963 0.014815 0.021481
0 0.620296 0.464667 0.029630 0.025926
0 0.734741 0.399481 0.037778 0.025926
0 0.768444 0.412815 0.034074 0.018519
0 0.873965 0.566558 0.031590 0.011983
0 0.838562 0.602505 0.030501 0.018519
0 0.784096 0.630828 0.026144 0.011983
0 0.962200 0.530065 0.031590 0.015251
0 0.974728 0.489760 0.023965 0.015251
0 0.692593 0.985403 0.028322 0.017429
0 0.752505 0.986492 0.028322 0.017429
0 0.722004 0.966340 0.028322 0.022876
0 0.719826 0.945098 0.028322 0.021786
0 0.846187 0.904248 0.023965 0.020697
0 0.906645 0.863943 0.029412 0.022876
0 0.900654 0.887909 0.023965 0.016340
0 0.928829 0.873674 0.036036 0.024024
0 0.964865 0.875676 0.024024 0.018018