0 0.628824 0.164734 0.059581 0.091787
0 0.593398 0.223108 0.074074 0.140902
0 0.650564 0.223510 0.049919 0.096618
0 0.679952 0.190097 0.055556 0.090982
0 0.417874 0.214654 0.075684 0.085346
0 0.442834 0.205797 0.069243 0.093398
0 0.364734 0.300805 0.067633 0.075684
0 0.489936 0.334219 0.110306 0.128019
0 0.454911 0.388567 0.078905 0.078905
0 0.720209 0.357568 0.081320 0.107085
0 0.741143 0.455797 0.081320 0.076490
0 0.633253 0.453382 0.058776 0.102254
0 0.476248 0.483575 0.068438 0.090177
0 0.373188 0.470290 0.070048 0.076490
0 0.703301 0.581804 0.079710 0.117552
0 0.643720 0.660709 0.070048 0.107890
0 0.517311 0.573752 0.084541 0.088567
0 0.555556 0.702174 0.074074 0.111916