0 0.576296 0.119444 0.062963 0.101852
0 0.500370 0.165741 0.074074 0.109259
0 0.718889 0.282407 0.066667 0.094444
0 0.608704 0.247222 0.064815 0.101852
0 0.630926 0.339815 0.061111 0.083333
0 0.689259 0.392593 0.066667 0.085185
0 0.517037 0.288889 0.077778 0.122222
0 0.680000 0.607407 0.070370 0.088889
0 0.603148 0.503704 0.083333 0.096296
0 0.529074 0.438889 0.079630 0.085185
0 0.592037 0.671296 0.075926 0.094444
0 0.481852 0.637037 0.081481 0.088889
0 0.412407 0.599074 0.072222 0.101852
0 0.331852 0.394444 0.062963 0.081481
0 0.335556 0.378704 0.062963 0.090741
0 0.394122 0.331804 0.044283 0.060386
0 0.417472 0.400644 0.102254 0.070853
0 0.390902 0.339453 0.116747 0.051530