0 0.528074 0.128889 0.065926 0.082963
0 0.689926 0.190741 0.068148 0.074815
0 0.598815 0.245185 0.084444 0.072593
0 0.514370 0.252963 0.066667 0.085185
0 0.455481 0.227778 0.073333 0.107407
0 0.424741 0.301111 0.053333 0.110370
0 0.478444 0.310000 0.080741 0.061481
0 0.446222 0.356667 0.081481 0.097037
0 0.590667 0.400000 0.093333 0.094815
0 0.753630 0.371111 0.062222 0.105185
0 0.725481 0.498519 0.082963 0.091852
0 0.635852 0.542593 0.068148 0.089630
0 0.639185 0.637407 0.088148 0.083704
0 0.537704 0.538889 0.074815 0.077778
0 0.443259 0.537407 0.068148 0.070370
0 0.438074 0.636667 0.068148 0.101481