0 0.974433 0.847849 0.050179 0.023297
0 0.928734 0.904600 0.054361 0.025687
0 0.884528 0.878913 0.044803 0.023297
0 0.829271 0.874433 0.040621 0.025090
0 0.846296 0.816487 0.060335 0.038232
0 0.786858 0.857706 0.039427 0.026284
0 0.718459 0.857109 0.037634 0.023895
0 0.742354 0.802748 0.062724 0.027479
0 0.644982 0.797073 0.036440 0.020908
0 0.638112 0.845460 0.041816 0.026882
0 0.633931 0.886679 0.043011 0.023297
0 0.595102 0.896834 0.054958 0.022103
0 0.546714 0.854122 0.060932 0.026284
0 0.487302 0.784021 0.074074 0.034921
0 0.422222 0.847249 0.037037 0.021693
0 0.361376 0.842751 0.046561 0.022222
0 0.344180 0.866296 0.048148 0.021693
0 0.304762 0.884021 0.060317 0.029630
0 0.297884 0.847513 0.042328 0.024339
0 0.264021 0.828466 0.050794 0.026455
0 0.188360 0.848042 0.038095 0.027513
0 0.124603 0.853069 0.041799 0.026984
0 0.129986 0.096154 0.051994 0.029915
0 0.057336 0.122507 0.042023 0.022792