0 0.554568 0.896173 0.046914 0.043210
0 0.406728 0.810679 0.046296 0.050000
0 0.245040 0.713228 0.062831 0.047619
0 0.924206 0.654233 0.048942 0.037037
0 0.879894 0.615873 0.060847 0.042328
0 0.826323 0.590079 0.038360 0.033069
0 0.803836 0.545106 0.048942 0.038360
0 0.627249 0.467725 0.042328 0.031746
0 0.537302 0.348677 0.047619 0.029101
0 0.790643 0.032164 0.058480 0.040936
0 0.195679 0.254209 0.037598 0.032548
0 0.203816 0.154040 0.060606 0.051066
0 0.120763 0.188272 0.043771 0.036476
0 0.135073 0.125982 0.042088 0.035354
0 0.084568 0.127666 0.053311 0.048822
0 0.074747 0.077160 0.039282 0.034231
0 0.022222 0.058361 0.044444 0.034792
0 0.041639 0.015432 0.044893 0.030864
0 0.007632 0.019921 0.015264 0.028620