0 0.537088 0.114146 0.073560 0.080761
0 0.601646 0.131636 0.091564 0.107510
0 0.594959 0.128807 0.096708 0.061728
0 0.471502 0.187963 0.077160 0.110082
0 0.662860 0.213940 0.061728 0.093107
0 0.539146 0.283128 0.059156 0.097737
0 0.354218 0.259722 0.086420 0.087963
0 0.361163 0.305504 0.127058 0.104424
0 0.657870 0.280382 0.075231 0.067708
0 0.692014 0.331887 0.086806 0.074653
0 0.348843 0.454282 0.076389 0.109954
0 0.572801 0.382523 0.076389 0.077546
0 0.576852 0.446181 0.076389 0.119213
0 0.604919 0.492187 0.063079 0.101273
0 0.480498 0.418403 0.083912 0.097222
0 0.446933 0.462674 0.066551 0.089699
0 0.534606 0.549190 0.059028 0.079861
0 0.439699 0.567708 0.078704 0.091435
0 0.492650 0.653646 0.065394 0.065394
0 0.596238 0.625579 0.059606 0.070602
0 0.680150 0.581019 0.052662 0.072917
0 0.744360 0.459007 0.081650 0.093434