0 0.532077 0.127646 0.061508 0.083333
0 0.660384 0.213294 0.076058 0.081349
0 0.450397 0.190476 0.075397 0.068783
0 0.555225 0.263889 0.077381 0.107143
0 0.469577 0.295635 0.054233 0.096561
0 0.365741 0.376653 0.060847 0.102513
0 0.559854 0.377646 0.062831 0.105820
0 0.611111 0.377646 0.060847 0.112434
0 0.669312 0.367725 0.079365 0.095238
0 0.756944 0.386905 0.058862 0.096561
0 0.691468 0.472222 0.061508 0.097884
0 0.607143 0.541336 0.051587 0.099868
0 0.722553 0.578704 0.065476 0.109788
0 0.654431 0.642196 0.074735 0.083333
0 0.573413 0.677579 0.075397 0.111772
0 0.541336 0.553902 0.074735 0.072090
0 0.458333 0.522156 0.070106 0.097222
0 0.438161 0.637566 0.054894 0.111111
0 0.347884 0.485780 0.080688 0.114418