0 0.491407 0.109259 0.078519 0.086667
0 0.502519 0.170741 0.122963 0.045185
0 0.516222 0.222593 0.061481 0.073333
0 0.611037 0.230741 0.065926 0.102963
0 0.705111 0.252963 0.079259 0.108889
0 0.602148 0.357407 0.065926 0.108889
0 0.708815 0.474074 0.055556 0.100741
0 0.635481 0.525926 0.082222 0.042963
0 0.634370 0.588889 0.063704 0.075556
0 0.540296 0.672222 0.077037 0.102963
0 0.452519 0.640370 0.062963 0.111852
0 0.385111 0.534815 0.068889 0.115556
0 0.375481 0.381111 0.074815 0.104444
0 0.402519 0.223333 0.063704 0.105926
0 0.547333 0.469259 0.074815 0.039259
0 0.512148 0.508148 0.066667 0.130370
0 0.545111 0.497407 0.055556 0.057037