0 0.215021 0.683848 0.045267 0.033951
0 0.235082 0.783128 0.036008 0.018519
0 0.431070 0.714198 0.034979 0.016461
0 0.494342 0.731173 0.033951 0.017490
0 0.569444 0.712140 0.038066 0.026749
0 0.809156 0.673045 0.042181 0.024691
0 0.807099 0.645268 0.031893 0.016461
0 0.842078 0.644239 0.025720 0.018519
0 0.935185 0.624177 0.028807 0.017490
0 0.192824 0.116898 0.025463 0.034722
0 0.080556 0.161458 0.048611 0.019676
0 0.291782 0.049769 0.035880 0.011574
0 0.564352 0.043403 0.043981 0.026620
0 0.713657 0.038773 0.039352 0.028935