0 0.160774 0.079966 0.092593 0.052189
0 0.269360 0.073653 0.087542 0.046296
0 0.253788 0.124579 0.083333 0.047138
0 0.359007 0.088384 0.085017 0.048822
0 0.365320 0.146044 0.097643 0.044613
0 0.497054 0.106061 0.068182 0.053872
0 0.661195 0.215067 0.096801 0.061448
0 0.595539 0.228956 0.090067 0.047138
0 0.854568 0.257407 0.076543 0.035802
0 0.924938 0.375926 0.101235 0.058025
0 0.809506 0.848272 0.055556 0.045679
0 0.445926 0.866790 0.091358 0.055556
0 0.284815 0.809383 0.080247 0.049383
0 0.112593 0.738395 0.120988 0.075309