0 0.667037 0.902963 0.029630 0.062963
0 0.647593 0.846481 0.033333 0.037037
0 0.573056 0.902037 0.032407 0.064815
0 0.569815 0.792778 0.033333 0.053704
0 0.680926 0.736296 0.037037 0.066667
0 0.694815 0.781667 0.024074 0.044444
0 0.639259 0.708519 0.033333 0.070370
0 0.600370 0.649259 0.035185 0.062963
0 0.754074 0.539074 0.027778 0.050000
0 0.692963 0.532593 0.033333 0.059259
0 0.223519 0.580278 0.037037 0.052778
0 0.570741 0.197685 0.035185 0.062037
0 0.738796 0.188426 0.025000 0.043519
0 0.559167 0.280093 0.023148 0.054630
0 0.678611 0.075463 0.030556 0.043519
0 0.621204 0.085648 0.034259 0.069444