0 0.619658 0.935613 0.119658 0.125356
0 0.317664 0.839459 0.119658 0.212251
0 0.138889 0.514672 0.092593 0.229345
0 0.872507 0.795299 0.123932 0.206553
0 0.767094 0.820228 0.078348 0.216524
0 0.762821 0.584758 0.101140 0.246439
0 0.876068 0.583333 0.111111 0.249288
0 0.778490 0.406695 0.163818 0.232194
0 0.604701 0.747293 0.138177 0.227920
0 0.578348 0.613390 0.168091 0.190883
0 0.233618 0.358262 0.108262 0.235043
0 0.347578 0.315527 0.088319 0.289174
0 0.563390 0.401709 0.103989 0.245014
0 0.340456 0.515670 0.113960 0.188034