0 0.554537 0.132870 0.075000 0.069444
0 0.478148 0.211111 0.061111 0.088889
0 0.614722 0.225000 0.069444 0.061111
0 0.701296 0.239352 0.062963 0.089815
0 0.546204 0.297685 0.052778 0.089815
0 0.473056 0.312963 0.067593 0.085185
0 0.391574 0.341204 0.087963 0.087963
0 0.573056 0.411111 0.089815 0.111111
0 0.709167 0.371759 0.075000 0.071296
0 0.661944 0.431019 0.065741 0.087963
0 0.764259 0.462963 0.066667 0.105556
0 0.499444 0.465278 0.055556 0.100926
0 0.390185 0.434259 0.074074 0.085185
0 0.385093 0.544444 0.076852 0.101852
0 0.570741 0.603241 0.079630 0.087963
0 0.662870 0.661111 0.069444 0.085185
0 0.573981 0.688889 0.056481 0.088889
0 0.489722 0.650926 0.073148 0.075926
0 0.686944 0.516667 0.065741 0.083333