0 0.802984 0.866975 0.025720 0.033951
0 0.658951 0.715741 0.070988 0.033951
0 0.501543 0.787243 0.058642 0.053498
0 0.436728 0.808333 0.070988 0.031893
0 0.385802 0.767181 0.074074 0.033951
0 0.382716 0.723971 0.082305 0.038066
0 0.283436 0.731173 0.075103 0.031893
0 0.278807 0.784671 0.032922 0.023663
0 0.221708 0.677161 0.044239 0.026749
0 0.172325 0.699280 0.070988 0.031893
0 0.731481 0.417874 0.068438 0.032206
0 0.605878 0.133655 0.074879 0.028986
0 0.462963 0.252013 0.083736 0.037037
0 0.361111 0.344203 0.060386 0.034622
0 0.328100 0.288245 0.066828 0.038647
0 0.222625 0.259259 0.094203 0.048309
0 0.175802 0.280864 0.071605 0.030864
0 0.152963 0.203704 0.082716 0.039506
0 0.038765 0.282099 0.074074 0.038272
0 0.032963 0.241975 0.065926 0.029630
0 0.031111 0.148765 0.062222 0.028395
0 0.015062 0.112346 0.030123 0.037037