0 0.471417 0.180757 0.073269 0.076490
0 0.444042 0.173913 0.050725 0.032206
0 0.407407 0.218599 0.043478 0.116747
0 0.357488 0.191626 0.056361 0.085346
0 0.352657 0.230274 0.109501 0.088567
0 0.369163 0.274557 0.044283 0.078905
0 0.330515 0.320048 0.073269 0.081320
0 0.529791 0.299114 0.062802 0.090982
0 0.636876 0.466586 0.078905 0.103865
0 0.739533 0.506441 0.057166 0.091787
0 0.669082 0.617552 0.064412 0.107890
0 0.552738 0.497585 0.058776 0.125604
0 0.481884 0.527375 0.050725 0.085346
0 0.414251 0.434783 0.065217 0.090177
0 0.415459 0.619163 0.072464 0.120773