0 0.567963 0.959259 0.072222 0.037037
0 0.942667 0.354815 0.081481 0.037037
0 0.875630 0.400741 0.097037 0.048889
0 0.821185 0.307778 0.082963 0.033333
0 0.736370 0.322963 0.071852 0.042963
0 0.661926 0.335185 0.087407 0.039259
0 0.656000 0.301852 0.053333 0.030370
0 0.570444 0.322963 0.080741 0.035556
0 0.510074 0.348148 0.068148 0.042963
0 0.473037 0.405185 0.097778 0.037037
0 0.661556 0.265185 0.076296 0.035556
0 0.727481 0.214444 0.074815 0.030370
0 0.601926 0.218889 0.122963 0.046667
0 0.448593 0.235556 0.100741 0.041481
0 0.284170 0.227061 0.077061 0.036440
0 0.146475 0.122820 0.088411 0.038232
0 0.023656 0.163740 0.047312 0.042413
0 0.079869 0.217503 0.078256 0.038829
0 0.195759 0.267384 0.073477 0.039427
0 0.122879 0.280227 0.074671 0.043608
0 0.064875 0.333094 0.129749 0.053763
0 0.050000 0.258124 0.054361 0.029271
0 0.014456 0.240203 0.026284 0.045998