0 0.550370 0.937963 0.081481 0.075926
0 0.460556 0.964815 0.087037 0.070370
0 0.389259 0.959259 0.081481 0.074074
0 0.509630 0.888889 0.081481 0.077778
0 0.673518 0.807407 0.138889 0.137037
0 0.816111 0.688889 0.098148 0.118519
0 0.480000 0.825926 0.111111 0.096296
0 0.400370 0.847222 0.081481 0.087037
0 0.205000 0.814815 0.109259 0.129630
0 0.321667 0.768519 0.101852 0.092593
0 0.667037 0.678704 0.088889 0.068519
0 0.771667 0.589815 0.116667 0.105556
0 0.649444 0.573148 0.087037 0.083333
0 0.385556 0.560185 0.107407 0.083333
0 0.927222 0.458333 0.135185 0.087037
0 0.834630 0.407407 0.150000 0.100000
0 0.964259 0.310185 0.064815 0.068519
0 0.519688 0.346004 0.091618 0.074074
0 0.672710 0.247076 0.140351 0.117934
0 0.871540 0.106725 0.115010 0.121832