0 0.679521 0.168301 0.078431 0.107843
0 0.554793 0.287582 0.059913 0.104575
0 0.442593 0.308279 0.057734 0.106754
0 0.353268 0.306100 0.079521 0.080610
0 0.619063 0.387800 0.079521 0.104575
0 0.713290 0.386710 0.050109 0.091503
0 0.378867 0.470044 0.065359 0.101307
0 0.448039 0.542484 0.075163 0.087146
0 0.739978 0.555556 0.094771 0.115468
0 0.580401 0.523920 0.100309 0.106481
0 0.586188 0.579475 0.090278 0.092593
0 0.639815 0.614198 0.081790 0.103395
0 0.451543 0.644290 0.072531 0.081790
0 0.533719 0.694830 0.067130 0.127315