0 0.614738 0.156636 0.045525 0.087963
0 0.674537 0.162809 0.075617 0.050926
0 0.534105 0.239583 0.083333 0.081019
0 0.411034 0.212963 0.071759 0.104938
0 0.729707 0.315972 0.054784 0.116512
0 0.399074 0.371528 0.077160 0.114969
0 0.371296 0.380787 0.050926 0.077932
0 0.508539 0.378395 0.069959 0.076132
0 0.561780 0.339815 0.081790 0.097737
0 0.598302 0.349331 0.047840 0.075617
0 0.570010 0.429321 0.085905 0.103909
0 0.694753 0.495165 0.059671 0.101852
0 0.661574 0.618879 0.068416 0.120885
0 0.590072 0.674177 0.054012 0.093621
0 0.431636 0.582613 0.079733 0.065844