0 0.679506 0.727901 0.074074 0.029630
0 0.517160 0.797037 0.062963 0.059259
0 0.458519 0.817407 0.066667 0.033333
0 0.401111 0.780988 0.080247 0.034568
0 0.395556 0.733457 0.083951 0.038272
0 0.299259 0.739630 0.076543 0.035802
0 0.290000 0.791481 0.043210 0.028395
0 0.237531 0.690864 0.041975 0.027160
0 0.184444 0.710617 0.079012 0.039506
0 0.373333 0.355556 0.066667 0.029630
0 0.748025 0.431481 0.067901 0.028395
0 0.477037 0.264198 0.086420 0.044444
0 0.620864 0.143827 0.072840 0.030864
0 0.343086 0.295679 0.072840 0.040741
0 0.236914 0.266667 0.095062 0.041975
0 0.188765 0.290741 0.067901 0.030864
0 0.057284 0.293827 0.079012 0.034568
0 0.042469 0.253704 0.076543 0.033333
0 0.156049 0.217284 0.098765 0.039506
0 0.035679 0.159259 0.070370 0.022222
0 0.020617 0.117284 0.041234 0.041975