0 0.957292 0.238426 0.070602 0.057870
0 0.786574 0.164931 0.071759 0.026620
0 0.805093 0.239005 0.067130 0.042824
0 0.876852 0.329861 0.067130 0.048611
0 0.764005 0.329282 0.054398 0.031250
0 0.404630 0.164352 0.067130 0.060185
0 0.356019 0.200231 0.067130 0.060185
0 0.196950 0.029956 0.082789 0.042484
0 0.029282 0.545833 0.058564 0.032407
0 0.100231 0.571875 0.060185 0.026620
0 0.186458 0.626852 0.072917 0.037037
0 0.233333 0.728125 0.071759 0.040509
0 0.319560 0.710185 0.063657 0.027778
0 0.901736 0.936458 0.077546 0.054398
0 0.562037 0.946296 0.057870 0.067130