0 0.794097 0.902662 0.047454 0.031250
0 0.863542 0.902662 0.028935 0.040509
0 0.823032 0.859259 0.038194 0.041667
0 0.726968 0.800810 0.035880 0.031250
0 0.834606 0.795023 0.038194 0.026620
0 0.879167 0.841898 0.043981 0.039352
0 0.276157 0.503935 0.048611 0.025463
0 0.360648 0.510880 0.034722 0.039352
0 0.155787 0.606944 0.037037 0.034722
0 0.439931 0.584375 0.038194 0.040509
0 0.459028 0.575116 0.037037 0.042824
0 0.228704 0.416088 0.041667 0.021991
0 0.260458 0.453922 0.027233 0.022876
0 0.208987 0.435403 0.036492 0.023965
0 0.160512 0.366231 0.035403 0.029412
0 0.133551 0.361601 0.028322 0.026688
0 0.080719 0.324837 0.043573 0.037037
0 0.039325 0.342810 0.037037 0.034858
0 0.012582 0.291068 0.025163 0.025054
0 0.011220 0.258388 0.022440 0.030501
0 0.962689 0.979218 0.034294 0.030864
0 0.922908 0.932236 0.031550 0.032922
0 0.760014 0.765569 0.037723 0.021948
0 0.763100 0.796776 0.038409 0.025377
0 0.763786 0.829355 0.028807 0.024691
0 0.515501 0.668176 0.042524 0.027435
0 0.682853 0.197531 0.045267 0.028807
0 0.644787 0.146776 0.039095 0.035665
0 0.588889 0.179698 0.035665 0.027435
0 0.523388 0.090878 0.052812 0.047325
0 0.547737 0.066187 0.039781 0.034979
0 0.618724 0.099794 0.036351 0.022634
0 0.600892 0.058299 0.036351 0.024691
0 0.465226 0.023148 0.037037 0.033951