0 0.392256 0.027497 0.029181 0.050505
0 0.443042 0.093154 0.020763 0.039282
0 0.462121 0.140292 0.028620 0.035915
0 0.485971 0.201459 0.028058 0.033670
0 0.498597 0.175084 0.027497 0.033670
0 0.490180 0.262346 0.024130 0.030864
0 0.558642 0.356061 0.021886 0.033109
0 0.200000 0.285575 0.031189 0.056530
0 0.224854 0.351852 0.030214 0.062378
0 0.250682 0.468324 0.033138 0.061404
0 0.263840 0.630604 0.024366 0.044834
0 0.223392 0.636940 0.033138 0.049708
0 0.246784 0.676413 0.025341 0.042885
0 0.279435 0.768031 0.024366 0.054581
0 0.306238 0.773879 0.025341 0.058480
0 0.265789 0.783138 0.034113 0.063353
0 0.307700 0.902632 0.036062 0.055556
0 0.309649 0.866082 0.030214 0.048733
0 0.282846 0.957700 0.019493 0.040936
0 0.316959 0.980117 0.027290 0.038986