0 0.889005 0.524190 0.047454 0.031250
0 0.979861 0.546181 0.037037 0.024306
0 0.970833 0.578009 0.058333 0.025463
0 0.811458 0.528819 0.054398 0.026620
0 0.784259 0.498727 0.076389 0.033565
0 0.754745 0.540394 0.049769 0.035880
0 0.676620 0.518981 0.097222 0.041667
0 0.704398 0.479630 0.062500 0.030093
0 0.507060 0.440856 0.093750 0.033565
0 0.514583 0.404398 0.069444 0.034722
0 0.173148 0.427546 0.064815 0.030093
0 0.605864 0.035880 0.089506 0.045525
0 0.505556 0.015046 0.066358 0.030092
0 0.704630 0.032407 0.063272 0.040123
0 0.789892 0.035494 0.082562 0.033951