0 0.916449 0.737037 0.155773 0.065359
0 0.391939 0.609586 0.061002 0.082789
0 0.577669 0.536057 0.090414 0.066449
0 0.235621 0.440741 0.088235 0.063181
0 0.139760 0.349782 0.079521 0.064270
0 0.135403 0.227124 0.062092 0.027233
0 0.168627 0.305556 0.054466 0.033769
0 0.282462 0.311002 0.070806 0.040305
0 0.220915 0.274510 0.076253 0.043573
0 0.411002 0.348039 0.092593 0.046841
0 0.428976 0.373638 0.065359 0.041394
0 0.522658 0.368192 0.043573 0.021786
0 0.572767 0.452614 0.159041 0.070806
0 0.670806 0.429194 0.076253 0.047930
0 0.788998 0.445534 0.038126 0.028322
0 0.859259 0.440087 0.058824 0.026144
0 0.950218 0.489651 0.070806 0.040305
0 0.907734 0.515251 0.055556 0.026144
0 0.499237 0.328431 0.064270 0.027233