0 0.810301 0.799421 0.100694 0.054398
0 0.961574 0.357292 0.076852 0.061343
0 0.833449 0.386227 0.121528 0.049769
0 0.941088 0.231713 0.100694 0.041667
0 0.681250 0.267593 0.071759 0.046296
0 0.561458 0.370023 0.091435 0.059028
0 0.272685 0.456829 0.113426 0.049769
0 0.523843 0.261806 0.090278 0.034722
0 0.452662 0.235185 0.086806 0.039352
0 0.397685 0.276852 0.101852 0.039352
0 0.377431 0.315625 0.077546 0.042824
0 0.332870 0.210880 0.078704 0.048611
0 0.287731 0.245602 0.055556 0.039352
0 0.240278 0.312153 0.106481 0.042824
0 0.118750 0.305787 0.127315 0.046296
0 0.970023 0.157639 0.056713 0.055556