0 0.023333 0.691605 0.045679 0.046914
0 0.058519 0.566914 0.034568 0.027160
0 0.081975 0.524938 0.049383 0.054321
0 0.241235 0.528025 0.044444 0.040741
0 0.063508 0.379521 0.075163 0.082789
0 0.205120 0.298366 0.053377 0.062092
0 0.207843 0.194989 0.026144 0.052288
0 0.191503 0.149237 0.052288 0.056645
0 0.238889 0.089869 0.096950 0.070806
0 0.390305 0.143246 0.044662 0.064270
0 0.408824 0.075708 0.066449 0.090414
0 0.275926 0.145425 0.040305 0.038126
0 0.401754 0.954776 0.040936 0.037037
0 0.406140 0.901657 0.039961 0.039961
0 0.488499 0.796394 0.035088 0.043860
0 0.532846 0.602924 0.045809 0.054581
0 0.593762 0.512281 0.025341 0.048733
0 0.620565 0.439669 0.026316 0.053606
0 0.707797 0.349025 0.027290 0.045809
0 0.740936 0.236452 0.027290 0.038986