0 0.327730 0.343780 0.015195 0.012346
0 0.349098 0.342118 0.014245 0.015670
0 0.362393 0.320513 0.016144 0.014245
0 0.352659 0.303894 0.016619 0.012346
0 0.389696 0.295347 0.017569 0.013295
0 0.382574 0.313153 0.011871 0.011871
0 0.396581 0.313865 0.017094 0.014245
0 0.481814 0.237179 0.010921 0.010921
0 0.517189 0.191121 0.013295 0.013770
0 0.520750 0.204891 0.009022 0.010921
0 0.544729 0.170703 0.022792 0.014720
0 0.568234 0.158357 0.017569 0.009972
0 0.557787 0.587132 0.024217 0.012821
0 0.501282 0.480769 0.012821 0.012821
0 0.463058 0.509734 0.021842 0.013770
0 0.425783 0.523742 0.017569 0.013295
0 0.414625 0.548670 0.017094 0.011871
0 0.398006 0.566002 0.018993 0.014245
0 0.363343 0.592593 0.014245 0.015195
0 0.338889 0.603751 0.014720 0.014720
0 0.317047 0.625831 0.017569 0.011396
0 0.288138 0.373874 0.018519 0.017017
0 0.250100 0.373624 0.021522 0.016517
0 0.086937 0.358358 0.033534 0.018018
0 0.100450 0.504004 0.021522 0.015015
0 0.061161 0.536537 0.020020 0.025025
0 0.162012 0.457708 0.014515 0.011512
0 0.166767 0.481982 0.018018 0.015015
0 0.240841 0.415415 0.018018 0.012012
0 0.212563 0.711211 0.014515 0.015015
0 0.210060 0.699700 0.020521 0.014014
0 0.153754 0.742743 0.021021 0.016016
0 0.040891 0.821822 0.022523 0.020020
0 0.030631 0.859359 0.010010 0.015015
0 0.273874 0.653904 0.015015 0.014515
0 0.638831 0.814583 0.016782 0.013889
0 0.667477 0.763947 0.012731 0.013310
0 0.716262 0.769502 0.020255 0.021412
0 0.742303 0.719444 0.014468 0.013889
0 0.785706 0.687616 0.016782 0.013889
0 0.873669 0.590104 0.014468 0.012153
0 0.883507 0.541782 0.015625 0.017361
0 0.914178 0.522106 0.017940 0.013889
0 0.938194 0.505613 0.018519 0.010995
0 0.932986 0.486806 0.021991 0.018519
0 0.956134 0.468576 0.012731 0.017940