0 0.974074 0.764230 0.023392 0.020468
0 0.935575 0.769103 0.050682 0.036062
0 0.901462 0.795663 0.037037 0.037524
0 0.944591 0.806628 0.060916 0.027290
0 0.850536 0.772758 0.035575 0.021930
0 0.813743 0.784942 0.033138 0.022904
0 0.755263 0.761793 0.043860 0.018519
0 0.756481 0.673587 0.030702 0.028265
0 0.625877 0.701365 0.038499 0.023392
0 0.675585 0.751559 0.038499 0.019493
0 0.601998 0.751803 0.050195 0.016082
0 0.568129 0.724756 0.040936 0.022417
0 0.504870 0.719616 0.058299 0.020576
0 0.520645 0.738134 0.040466 0.015089
0 0.550823 0.753567 0.047325 0.017147
0 0.395473 0.686351 0.042524 0.022634
0 0.348491 0.685322 0.044582 0.021948
0 0.300823 0.650000 0.046639 0.026749
0 0.263100 0.685665 0.048011 0.021262
0 0.259671 0.712071 0.043896 0.013717
0 0.145473 0.686694 0.048697 0.024691
0 0.182202 0.190329 0.058642 0.018519
0 0.658025 0.228395 0.049383 0.032922
0 0.714095 0.234053 0.033951 0.021605
0 0.582407 0.221193 0.046296 0.026749
0 0.514506 0.224280 0.040123 0.018519