0 0.108704 0.360185 0.029630 0.022222
0 0.144815 0.370370 0.024074 0.022222
0 0.363796 0.203704 0.028704 0.022222
0 0.570741 0.036574 0.024074 0.017593
0 0.985423 0.017569 0.015670 0.014245
0 0.938177 0.067426 0.017094 0.017094
0 0.903751 0.053181 0.027066 0.016144
0 0.913723 0.028490 0.015670 0.018993
0 0.931054 0.027066 0.018044 0.017094
0 0.866714 0.045347 0.017569 0.014720
0 0.871937 0.072175 0.018519 0.013295
0 0.824217 0.108262 0.029440 0.018993
0 0.828490 0.087369 0.016144 0.016144
0 0.788841 0.125119 0.023267 0.018519
0 0.706695 0.162393 0.023267 0.017094
0 0.886895 0.235755 0.022792 0.023267
0 0.744444 0.380511 0.024691 0.018519
0 0.183333 0.837374 0.023569 0.023569
0 0.381149 0.695489 0.010921 0.020418