0 0.044907 0.302315 0.089814 0.041667
0 0.148843 0.310995 0.111111 0.033565
0 0.177778 0.456250 0.120370 0.050926
0 0.475810 0.380440 0.093750 0.045139
0 0.602546 0.272222 0.074074 0.027778
0 0.424884 0.254282 0.098380 0.035880
0 0.357755 0.228241 0.077546 0.037037
0 0.305671 0.270486 0.109954 0.047454
0 0.306250 0.313310 0.078704 0.035880
0 0.220023 0.190625 0.077546 0.042824
0 0.189931 0.251968 0.052083 0.038194
0 0.748380 0.394907 0.122685 0.067130
0 0.886690 0.362500 0.105324 0.074074
0 0.878588 0.230556 0.107639 0.041667
0 0.908102 0.133333 0.111111 0.037037
0 0.943403 0.159375 0.107639 0.021991
0 0.721549 0.806734 0.107744 0.060606