0 0.519285 0.853959 0.042146 0.035121
0 0.475223 0.870243 0.034483 0.030651
0 0.466603 0.826820 0.026181 0.026820
0 0.427650 0.811494 0.051724 0.048531
0 0.382950 0.818199 0.030013 0.035121
0 0.321328 0.811494 0.052363 0.038314
0 0.327714 0.769349 0.033206 0.038314
0 0.304087 0.713155 0.033206 0.037037
0 0.291315 0.739655 0.038314 0.037676
0 0.269923 0.762005 0.035121 0.051724
0 0.252043 0.704215 0.042784 0.034483
0 0.158480 0.568616 0.024366 0.027290
0 0.029581 0.624415 0.026803 0.029727
0 0.021004 0.510136 0.042008 0.022417
0 0.025926 0.225049 0.043860 0.043860
0 0.131920 0.220175 0.039474 0.030214
0 0.055897 0.162914 0.048246 0.036550
0 0.085624 0.099318 0.045322 0.034113
0 0.016667 0.075926 0.031189 0.031189
0 0.142398 0.143665 0.037037 0.030214
0 0.192105 0.152437 0.036062 0.033138
0 0.294201 0.229191 0.037524 0.038499
0 0.301998 0.275731 0.045322 0.030214
0 0.188207 0.195565 0.042885 0.033626
0 0.164084 0.236014 0.041423 0.035575
0 0.518083 0.407298 0.046841 0.040305
0 0.477778 0.361002 0.029412 0.037037
0 0.393355 0.332680 0.039216 0.037037
0 0.412691 0.316340 0.034314 0.034858
0 0.359041 0.262963 0.039216 0.033769