0 0.068421 0.522904 0.054581 0.102339
0 0.174659 0.384016 0.056530 0.076023
0 0.238012 0.323587 0.066277 0.083821
0 0.030409 0.327485 0.038986 0.070175
0 0.050390 0.344542 0.057505 0.032164
0 0.078168 0.375244 0.035088 0.050682
0 0.127875 0.193470 0.050682 0.065302
0 0.153216 0.211988 0.033138 0.055556
0 0.204873 0.224172 0.054581 0.070175
0 0.235088 0.231481 0.052632 0.071150
0 0.316959 0.190546 0.033138 0.069201
0 0.414425 0.240253 0.060429 0.065302
0 0.402729 0.165692 0.050682 0.076023
0 0.211209 0.097953 0.063353 0.082846