0 0.501578 0.790947 0.033608 0.019204
0 0.701852 0.241907 0.032236 0.025377
0 0.671331 0.266255 0.019204 0.021948
0 0.619890 0.307064 0.023320 0.024005
0 0.597942 0.329012 0.026063 0.025377
0 0.563306 0.365364 0.028121 0.024005
0 0.492661 0.450412 0.029492 0.022634
0 0.440878 0.492593 0.020576 0.027435
0 0.471399 0.412346 0.021262 0.024691
0 0.342798 0.579012 0.030178 0.020576
0 0.309558 0.598865 0.019116 0.019713
0 0.227419 0.667861 0.026882 0.016726
0 0.193967 0.721625 0.025687 0.023895
0 0.127061 0.777180 0.024492 0.017921
0 0.097491 0.803763 0.022700 0.019713
0 0.075986 0.841995 0.026284 0.022103
0 0.133333 0.805257 0.025090 0.023895
0 0.021625 0.880526 0.017921 0.021505
0 0.176643 0.360215 0.029271 0.025090
0 0.243847 0.296894 0.033453 0.032258
0 0.939259 0.557407 0.033333 0.029630