0 0.978443 0.403799 0.020893 0.014245
0 0.911728 0.435375 0.024217 0.011871
0 0.738889 0.516809 0.034663 0.013295
0 0.581481 0.500902 0.026591 0.011871
0 0.918139 0.053134 0.032289 0.019468
0 0.865432 0.043162 0.022792 0.015670
0 0.839554 0.061681 0.022317 0.013770
0 0.811301 0.066192 0.022792 0.012346
0 0.752184 0.073077 0.014720 0.012821
0 0.723457 0.065717 0.020893 0.015195
0 0.685945 0.078300 0.022792 0.014720
0 0.621368 0.074739 0.022792 0.012346
0 0.625166 0.090883 0.023742 0.015195
0 0.010153 0.103193 0.020306 0.010217
0 0.167178 0.084355 0.029374 0.013410
0 0.268391 0.085313 0.031290 0.014049
0 0.218263 0.101277 0.017880 0.012771
0 0.241252 0.120434 0.022989 0.016603
0 0.435696 0.087229 0.022350 0.011494
0 0.482631 0.062963 0.020434 0.014049
0 0.519029 0.093614 0.025543 0.011494
0 0.526054 0.077650 0.025543 0.010217