0 0.682755 0.646238 0.045139 0.029514
0 0.680440 0.674016 0.042824 0.023727
0 0.648032 0.676331 0.037037 0.024884
0 0.614468 0.654340 0.042824 0.043403
0 0.609838 0.713079 0.045139 0.045139
0 0.610706 0.748380 0.036458 0.026620
0 0.665394 0.715394 0.039352 0.041667
0 0.547338 0.755035 0.048611 0.043403
0 0.501620 0.715394 0.037037 0.026620
0 0.488310 0.699479 0.068287 0.041088
0 0.465162 0.770660 0.046296 0.041088
0 0.428704 0.823322 0.040509 0.022569
0 0.505382 0.824479 0.034144 0.022569
0 0.360066 0.874074 0.044160 0.052232
0 0.316619 0.852944 0.031339 0.020418
0 0.189364 0.951947 0.044634 0.033238
0 0.263913 0.947911 0.046534 0.037512
0 0.161349 0.914910 0.026591 0.051282
0 0.409619 0.967901 0.049897 0.020576
0 0.245782 0.865021 0.032922 0.027778