0 0.610522 0.981566 0.044613 0.036868
0 0.730892 0.718182 0.046296 0.063973
0 0.865993 0.801936 0.025253 0.063131
0 0.920267 0.775514 0.048354 0.061728
0 0.842078 0.692695 0.023663 0.038066
0 0.878086 0.690638 0.036008 0.066872
0 0.901235 0.571811 0.037037 0.055556
0 0.986049 0.632099 0.027901 0.069136
0 0.962839 0.579630 0.028395 0.025926
0 0.988765 0.520988 0.020988 0.039506
0 0.162787 0.464727 0.038801 0.061728
0 0.280185 0.281975 0.038889 0.066667
0 0.279568 0.337531 0.036420 0.051852
0 0.319383 0.283519 0.034568 0.070988
0 0.395309 0.258519 0.048148 0.056790
0 0.384815 0.210185 0.022222 0.030247
0 0.443765 0.160494 0.038889 0.058025
0 0.428951 0.065123 0.046296 0.062346
0 0.483580 0.041975 0.043210 0.079012