0 0.978935 0.929051 0.042130 0.054398
0 0.969097 0.979861 0.061806 0.040278
0 0.924884 0.902431 0.059028 0.038194
0 0.903472 0.938310 0.071759 0.047454
0 0.866435 0.883912 0.053241 0.045139
0 0.835764 0.910532 0.056713 0.054398
0 0.796991 0.854977 0.046296 0.045139
0 0.738542 0.856713 0.059028 0.043981
0 0.751273 0.820255 0.059028 0.052083
0 0.650000 0.769329 0.048611 0.031250
0 0.662731 0.883912 0.053241 0.065972
0 0.558565 0.815625 0.069444 0.049769
0 0.556250 0.666898 0.074074 0.050926
0 0.487963 0.815625 0.060185 0.059028
0 0.432407 0.780903 0.050926 0.049769
0 0.369907 0.789583 0.055556 0.039352
0 0.425463 0.606713 0.067130 0.057870
0 0.373380 0.742130 0.050926 0.050926
0 0.342130 0.689468 0.043981 0.035880
0 0.283102 0.687153 0.060185 0.056713
0 0.364699 0.617708 0.042824 0.040509
0 0.307986 0.566782 0.059028 0.045139
0 0.246065 0.471296 0.046296 0.062500
0 0.133218 0.579514 0.063657 0.040509