0 0.940608 0.961772 0.031746 0.046296
0 0.903902 0.932672 0.032407 0.033069
0 0.882738 0.885714 0.017857 0.022487
0 0.852646 0.856614 0.027778 0.026455
0 0.840410 0.867196 0.037698 0.047619
0 0.807672 0.763690 0.056878 0.062831
0 0.768320 0.761376 0.036376 0.037037
0 0.756085 0.658532 0.043651 0.057540
0 0.734921 0.702844 0.041005 0.048280
0 0.776918 0.714749 0.027116 0.027116
0 0.721362 0.653571 0.033730 0.043651
0 0.653241 0.589418 0.032407 0.019841
0 0.687632 0.602315 0.027116 0.015212
0 0.634061 0.559325 0.036376 0.028439
0 0.635384 0.517659 0.029762 0.044312
0 0.645635 0.495172 0.039683 0.031085
0 0.603307 0.442923 0.035714 0.035053
0 0.610582 0.477315 0.034392 0.021825
0 0.582143 0.448545 0.029101 0.027778
0 0.549735 0.372817 0.038360 0.039021
0 0.424374 0.405556 0.029530 0.041542
0 0.462913 0.411061 0.024525 0.033534
0 0.415866 0.338238 0.035536 0.039039
0 0.459660 0.346997 0.036036 0.020521
0 0.447397 0.281682 0.031532 0.030030
0 0.403353 0.221371 0.032533 0.029530
0 0.362284 0.123457 0.056173 0.059259
0 0.289506 0.047668 0.025377 0.028121
0 0.365295 0.200274 0.030178 0.038409