0 0.145419 0.922612 0.048733 0.062378
0 0.193177 0.987427 0.058480 0.024366
0 0.281384 0.990351 0.059454 0.018519
0 0.356920 0.988596 0.046784 0.022807
0 0.278460 0.943080 0.076998 0.050682
0 0.312086 0.861209 0.042885 0.035088
0 0.477778 0.931384 0.044834 0.042885
0 0.496784 0.885088 0.038012 0.034113
0 0.525049 0.837817 0.057505 0.050682
0 0.659064 0.869493 0.056530 0.038012
0 0.670760 0.787135 0.040936 0.035088
0 0.695127 0.812963 0.035088 0.020468
0 0.794055 0.679922 0.055556 0.038986
0 0.819883 0.734503 0.048733 0.031189
0 0.866667 0.732554 0.040936 0.027290
0 0.968661 0.672650 0.059829 0.042735