0 0.942048 0.777233 0.034858 0.051198
0 0.890850 0.858388 0.047930 0.034858
0 0.917538 0.870915 0.064270 0.042484
0 0.818954 0.880174 0.069717 0.034858
0 0.800436 0.918845 0.052288 0.035948
0 0.824946 0.950980 0.049020 0.037037
0 0.763399 0.860022 0.063181 0.051198
0 0.588562 0.968410 0.062092 0.052288
0 0.696950 0.974401 0.050109 0.046841
0 0.650112 0.440011 0.043210 0.040965
0 0.649832 0.213580 0.032548 0.023569
0 0.560887 0.311504 0.030864 0.025253
0 0.497755 0.364534 0.035915 0.022447
0 0.418911 0.431033 0.035354 0.035354
0 0.235617 0.555432 0.024074 0.020988
0 0.173580 0.658210 0.030864 0.026543
0 0.128519 0.658827 0.024691 0.025309
0 0.097037 0.678580 0.027160 0.020370
0 0.071728 0.707284 0.022222 0.018519
0 0.049198 0.720864 0.017901 0.016049
0 0.016173 0.752037 0.025926 0.021605