0 0.954012 0.182870 0.067901 0.030864
0 0.884954 0.192901 0.047068 0.026235
0 0.936265 0.220293 0.061728 0.028549
0 0.858719 0.260802 0.060957 0.035494
0 0.769599 0.293981 0.061728 0.038580
0 0.902701 0.319444 0.082562 0.035494
0 0.963272 0.277392 0.063272 0.034722
0 0.580170 0.265046 0.065586 0.031636
0 0.504167 0.216049 0.092593 0.037037
0 0.463272 0.274306 0.063272 0.030093
0 0.437809 0.307099 0.083333 0.038580
0 0.164120 0.294367 0.088735 0.045525
0 0.214275 0.333719 0.074846 0.036265
0 0.139815 0.346836 0.067901 0.036265
0 0.023302 0.321373 0.046296 0.042438