0 0.794231 0.943020 0.040598 0.034188
0 0.657835 0.915242 0.027066 0.049858
0 0.489744 0.811610 0.024217 0.042023
0 0.393083 0.720752 0.039760 0.058279
0 0.361220 0.752070 0.039216 0.072985
0 0.247893 0.755045 0.043423 0.040868
0 0.224585 0.719285 0.046616 0.040868
0 0.207344 0.625734 0.053001 0.033844
0 0.143487 0.608812 0.050447 0.040868
0 0.163921 0.678097 0.033844 0.036398
0 0.081865 0.449808 0.053640 0.053640
0 0.029183 0.501852 0.041507 0.045338
0 0.007088 0.437676 0.014176 0.065134
0 0.327185 0.099259 0.043704 0.038519
0 0.957346 0.338457 0.032716 0.029012
0 0.932963 0.361296 0.049383 0.019136
0 0.879877 0.393086 0.049383 0.024691
0 0.814444 0.345556 0.027160 0.028395
0 0.731728 0.319321 0.044444 0.024074
0 0.718457 0.335062 0.050000 0.032099
0 0.694074 0.243395 0.039506 0.032716
0 0.640988 0.274568 0.045679 0.029630
0 0.743162 0.441239 0.048433 0.030627
0 0.660897 0.350783 0.051994 0.023504