0 0.951166 0.787243 0.030178 0.016461
0 0.864403 0.794444 0.047325 0.022634
0 0.856859 0.756036 0.036351 0.022634
0 0.796845 0.865089 0.035665 0.019890
0 0.842112 0.887037 0.032922 0.018519
0 0.683333 0.716598 0.041838 0.021948
0 0.597942 0.717284 0.043896 0.020576
0 0.524211 0.683676 0.037723 0.020576
0 0.628121 0.819822 0.031550 0.021262
0 0.706996 0.795473 0.026063 0.012346
0 0.740604 0.803704 0.031550 0.019204
0 0.379757 0.711622 0.037676 0.020434
0 0.189783 0.691188 0.039591 0.020434
0 0.406258 0.799425 0.042146 0.026181
0 0.373691 0.819540 0.037037 0.016603
0 0.137101 0.790485 0.035121 0.023627
0 0.169987 0.796232 0.040868 0.019796