0 0.145979 0.825767 0.024868 0.026984
0 0.199947 0.755926 0.025926 0.015344
0 0.266614 0.689788 0.029101 0.022751
0 0.081693 0.108730 0.022222 0.014286
0 0.064762 0.092063 0.022222 0.014815
0 0.079048 0.073545 0.021164 0.019048
0 0.212116 0.018254 0.023810 0.014286
0 0.551984 0.372024 0.023810 0.023148
0 0.891601 0.324405 0.025794 0.028439
0 0.877050 0.153108 0.028439 0.025794
0 0.605556 0.065807 0.023810 0.015212
0 0.904828 0.501323 0.031085 0.034392
0 0.923677 0.565146 0.014550 0.020503
0 0.957077 0.521495 0.020503 0.016534
0 0.950794 0.554563 0.022487 0.024471
0 0.865476 0.630952 0.021164 0.018519
0 0.842328 0.615079 0.017196 0.013228
0 0.796362 0.629960 0.017857 0.012566
0 0.790741 0.692130 0.027778 0.025794
0 0.803307 0.654762 0.018519 0.018519
0 0.758664 0.659392 0.017857 0.013228
0 0.777513 0.673280 0.018519 0.015873
0 0.742130 0.696098 0.019180 0.011243
0 0.729233 0.712963 0.023810 0.013228
0 0.661442 0.751984 0.021825 0.014550
0 0.692196 0.733796 0.017196 0.013889
0 0.731878 0.743386 0.018519 0.018519
0 0.737169 0.753638 0.018519 0.019180
0 0.685913 0.778770 0.020503 0.013889
0 0.680622 0.810648 0.015212 0.019180
0 0.882672 0.956151 0.027778 0.023148
0 0.572817 0.906548 0.025794 0.012566
0 0.548347 0.922421 0.020503 0.016534
0 0.507011 0.946561 0.022487 0.015873
0 0.540079 0.899934 0.019841 0.015212
0 0.552646 0.881415 0.019841 0.013889
0 0.575794 0.872156 0.018519 0.015212
0 0.593651 0.844378 0.014550 0.021825
0 0.619775 0.817593 0.025794 0.017196
0 0.471296 0.882407 0.031746 0.021164