0 0.901543 0.101080 0.041667 0.032407
0 0.983179 0.097222 0.033642 0.033951
0 0.874923 0.015046 0.037809 0.028549
0 0.677006 0.030478 0.046296 0.039352
0 0.885340 0.561728 0.033951 0.030864
0 0.861034 0.573688 0.022377 0.030093
0 0.846373 0.530864 0.040895 0.049383
0 0.806636 0.565972 0.049383 0.037809
0 0.764583 0.507330 0.053241 0.039352
0 0.700926 0.504244 0.049383 0.037809
0 0.723302 0.431327 0.038580 0.027778
0 0.617593 0.439815 0.033951 0.021605
0 0.629552 0.388503 0.030093 0.042438
0 0.463668 0.360582 0.038801 0.032628
0 0.104971 0.144250 0.036062 0.038986
0 0.201949 0.175439 0.025341 0.031189
0 0.266764 0.225146 0.039961 0.091618
0 0.316472 0.231969 0.051657 0.050682
0 0.878611 0.980000 0.045370 0.035185
0 0.829074 0.950833 0.040741 0.036111
0 0.792963 0.937407 0.031481 0.033333
0 0.732778 0.980741 0.035185 0.038518
0 0.739722 0.892963 0.036111 0.029630
0 0.699907 0.880000 0.047222 0.044444
0 0.741574 0.854537 0.036111 0.021296
0 0.583241 0.957778 0.047222 0.035185
0 0.522130 0.910556 0.043519 0.035185
0 0.515185 0.881389 0.064815 0.034259
0 0.564722 0.776759 0.030556 0.028704
0 0.521667 0.779074 0.040741 0.027778
0 0.492963 0.804537 0.042593 0.021296
0 0.383951 0.722977 0.027435 0.028121
0 0.289986 0.615295 0.031550 0.022634
0 0.263237 0.622154 0.032922 0.021262
0 0.298217 0.663306 0.049383 0.034979
0 0.260494 0.669136 0.039781 0.032922
0 0.198101 0.581719 0.026591 0.018519
0 0.214957 0.605223 0.023267 0.023742
0 0.113580 0.568661 0.025641 0.014245
0 0.156078 0.575071 0.025166 0.017569
0 0.135423 0.550142 0.026591 0.016144
0 0.098148 0.523789 0.029915 0.014720
0 0.067996 0.524976 0.027540 0.018993
0 0.033808 0.481292 0.035138 0.037037
0 0.023599 0.520465 0.033713 0.028965