0 0.961921 0.959954 0.065972 0.030093
0 0.812037 0.961690 0.081019 0.038194
0 0.710185 0.973843 0.064815 0.034722
0 0.592708 0.980787 0.070602 0.034722
0 0.466551 0.985764 0.079861 0.028472
0 0.321296 0.984028 0.067130 0.031944
0 0.789869 0.414052 0.042484 0.064270
0 0.757734 0.466340 0.056645 0.031590
0 0.665142 0.498475 0.074074 0.034858
0 0.627015 0.475054 0.076253 0.022876
0 0.587800 0.404248 0.084967 0.040305
0 0.548584 0.360675 0.084967 0.051198
0 0.656972 0.304030 0.068627 0.033769
0 0.840523 0.354139 0.071895 0.059913
0 0.837255 0.302941 0.089325 0.035948
0 0.763725 0.328540 0.068627 0.041394
0 0.953268 0.265359 0.066449 0.032680
0 0.642266 0.266993 0.071895 0.031590
0 0.385185 0.252832 0.089325 0.040305
0 0.462527 0.327996 0.045752 0.029412
0 0.316013 0.369390 0.090414 0.042484
0 0.190741 0.392266 0.072985 0.042484
0 0.142810 0.366122 0.064270 0.031590
0 0.074728 0.427669 0.063181 0.030501
0 0.928976 0.340741 0.037037 0.030501
0 0.985730 0.323856 0.028540 0.038126