0 0.970023 0.714005 0.042824 0.024306
0 0.859491 0.695486 0.041667 0.024306
0 0.768634 0.688542 0.042824 0.028935
0 0.746065 0.370255 0.064815 0.026620
0 0.655208 0.389352 0.031250 0.018519
0 0.485648 0.373148 0.053241 0.027778
0 0.451259 0.586593 0.028148 0.022963
0 0.389778 0.401407 0.035556 0.022963
0 0.378296 0.428074 0.030370 0.012593
0 0.342370 0.434741 0.035556 0.024444
0 0.304963 0.416222 0.036296 0.018519
0 0.172370 0.432148 0.034815 0.017778
0 0.173111 0.389185 0.042222 0.016296
0 0.094222 0.369926 0.037037 0.017778
0 0.073852 0.391407 0.037778 0.016296
0 0.026815 0.391407 0.037037 0.013333
0 0.024222 0.369556 0.043704 0.017037
0 0.024593 0.424370 0.044444 0.021481