0 0.623086 0.547099 0.055556 0.045062
0 0.600556 0.488457 0.050000 0.033951
0 0.715679 0.483210 0.037037 0.034568
0 0.724321 0.318395 0.032099 0.046914
0 0.783525 0.451149 0.025543 0.056833
0 0.867497 0.362388 0.028736 0.036398
0 0.852490 0.320243 0.035760 0.047893
0 0.841315 0.281290 0.032567 0.049170
0 0.869093 0.198595 0.063857 0.070243
0 0.901660 0.228608 0.022989 0.053640
0 0.939655 0.143359 0.024904 0.040230
0 0.979742 0.091190 0.040516 0.048822
0 0.286420 0.309414 0.026235 0.070988
0 0.372454 0.184028 0.042438 0.036265