0 0.560926 0.783148 0.048765 0.061111
0 0.479753 0.782840 0.049383 0.075309
0 0.565556 0.689012 0.059259 0.067901
0 0.520494 0.639938 0.045679 0.053704
0 0.578827 0.593025 0.053704 0.061111
0 0.706296 0.500432 0.051852 0.077160
0 0.746728 0.418642 0.061111 0.076543
0 0.561852 0.492099 0.064198 0.071605
0 0.596728 0.402284 0.040123 0.073457
0 0.762721 0.305556 0.058776 0.071659
0 0.705958 0.216989 0.045089 0.087762
0 0.810628 0.206924 0.038647 0.049919
0 0.756280 0.114332 0.044283 0.064412
0 0.813446 0.034219 0.053945 0.068438