0 0.712963 0.757922 0.037037 0.060700
0 0.812757 0.593827 0.039095 0.039095
0 0.898663 0.453909 0.031893 0.045267
0 0.472222 0.376235 0.024691 0.052469
0 0.352366 0.465741 0.031893 0.036008
0 0.060185 0.977058 0.033951 0.036008
0 0.075103 0.930761 0.034979 0.046296
0 0.128601 0.916872 0.045267 0.055556
0 0.191872 0.878292 0.025720 0.038066
0 0.132202 0.867490 0.029835 0.034979
0 0.255658 0.800617 0.027778 0.039095
0 0.159979 0.800103 0.040123 0.058642
0 0.542181 0.203704 0.028807 0.045267
0 0.581276 0.177984 0.024691 0.039095
0 0.613683 0.129630 0.036008 0.053498
0 0.656893 0.076132 0.031893 0.053498