0 0.882060 0.637963 0.049769 0.057870
0 0.835764 0.740394 0.059028 0.035880
0 0.811458 0.606134 0.063657 0.045139
0 0.725810 0.604398 0.070602 0.046296
0 0.704977 0.529745 0.063657 0.052083
0 0.641898 0.527431 0.069444 0.042824
0 0.641898 0.574884 0.071759 0.033565
0 0.558565 0.563310 0.060185 0.045139
0 0.577662 0.523958 0.054398 0.042824
0 0.497801 0.522801 0.052083 0.045139
0 0.446296 0.536690 0.067130 0.038194
0 0.440509 0.490972 0.064815 0.046296
0 0.378588 0.588194 0.056713 0.057870
0 0.318403 0.466667 0.054398 0.037037
0 0.170833 0.370023 0.069444 0.040509
0 0.028125 0.351505 0.056250 0.045139
0 0.248958 0.540162 0.070602 0.035880
0 0.171991 0.550579 0.064815 0.047454
0 0.106019 0.532060 0.062500 0.042824
0 0.047569 0.545370 0.054398 0.039352
0 0.034259 0.493866 0.067130 0.049769
0 0.896633 0.047980 0.080808 0.045455