0 0.940185 0.334259 0.072222 0.146296
0 0.703148 0.563889 0.064815 0.087037
0 0.801296 0.633333 0.079630 0.077778
0 0.763333 0.753704 0.066667 0.085185
0 0.679074 0.710185 0.050000 0.072222
0 0.152315 0.813889 0.053241 0.076389
0 0.165046 0.730556 0.041667 0.055556
0 0.210185 0.661111 0.034722 0.055556
0 0.287731 0.547106 0.064815 0.109954
0 0.355440 0.311574 0.033565 0.041667
0 0.415046 0.223032 0.050926 0.059028
0 0.391898 0.337037 0.034722 0.046296
0 0.317245 0.455093 0.049769 0.069444
0 0.275579 0.412847 0.035880 0.049769