0 0.415544 0.965432 0.048822 0.038159
0 0.343154 0.947475 0.046577 0.046016
0 0.388889 0.894164 0.044893 0.035915
0 0.680415 0.797082 0.055556 0.047138
0 0.623737 0.841695 0.048822 0.034231
0 0.621212 0.785017 0.067340 0.044332
0 0.570146 0.805499 0.043771 0.043771
0 0.576319 0.828227 0.041526 0.024130
0 0.619529 0.703648 0.025814 0.038721
0 0.675645 0.683165 0.032548 0.030303
0 0.686588 0.649495 0.027497 0.019080
0 0.721324 0.649158 0.037037 0.028058
0 0.753030 0.605948 0.054433 0.039282
0 0.773794 0.643266 0.046577 0.034231
0 0.847026 0.679742 0.037037 0.033109
0 0.884343 0.656734 0.034231 0.034231
0 0.847868 0.623625 0.046577 0.034231
0 0.837205 0.610157 0.034231 0.030864
0 0.883502 0.560213 0.046016 0.037598
0 0.914646 0.513356 0.025253 0.020202
0 0.980303 0.514759 0.038721 0.036476
0 0.991695 0.438440 0.016610 0.027497