0 0.893573 0.774619 0.046841 0.022876
0 0.760131 0.728322 0.056645 0.030501
0 0.657190 0.732680 0.051198 0.026144
0 0.690414 0.804031 0.043573 0.025054
0 0.589107 0.774074 0.054466 0.037037
0 0.370697 0.763181 0.042484 0.026144
0 0.389216 0.874837 0.046841 0.025054
0 0.624510 0.831264 0.049020 0.022876
0 0.158824 0.738126 0.065359 0.034858
0 0.693137 0.209695 0.077342 0.049020
0 0.754139 0.184096 0.062092 0.034858
0 0.937691 0.272876 0.063181 0.035948
0 0.877233 0.185730 0.044662 0.029412
0 0.270247 0.104321 0.065432 0.035802