0 0.902949 0.475446 0.030864 0.030178
0 0.866255 0.507682 0.065844 0.027435
0 0.854938 0.479904 0.028121 0.026749
0 0.705761 0.609191 0.030178 0.027435
0 0.564472 0.696639 0.035665 0.017147
0 0.557270 0.674691 0.034979 0.026749
0 0.548011 0.644513 0.032922 0.029492
0 0.503772 0.717558 0.033608 0.027435
0 0.308408 0.828328 0.046046 0.030030
0 0.243594 0.794795 0.047548 0.036036
0 0.246346 0.849850 0.041041 0.025025
0 0.195796 0.839590 0.045045 0.035536
0 0.124224 0.924675 0.034034 0.030531
0 0.034885 0.959459 0.034535 0.032032