0 0.037153 0.944097 0.056713 0.042824
0 0.070139 0.960880 0.046296 0.053241
0 0.110069 0.885648 0.033565 0.050926
0 0.086343 0.820833 0.032407 0.039352
0 0.151736 0.837037 0.040509 0.046296
0 0.139583 0.912847 0.027778 0.052083
0 0.227546 0.789005 0.037037 0.045139
0 0.241435 0.672685 0.037037 0.055556
0 0.284838 0.688889 0.021991 0.027778
0 0.338657 0.672106 0.046296 0.049769
0 0.350231 0.693519 0.050926 0.043981
0 0.384954 0.618287 0.037037 0.037037
0 0.439931 0.569097 0.047454 0.061343
0 0.472338 0.605556 0.047454 0.041667
0 0.585764 0.570833 0.065972 0.041667
0 0.497801 0.507755 0.040509 0.052083
0 0.522106 0.449306 0.049769 0.027778
0 0.587500 0.430787 0.048611 0.050926
0 0.614120 0.326042 0.027778 0.033565
0 0.655787 0.312731 0.041667 0.041667
0 0.730440 0.217824 0.038194 0.048611
0 0.818403 0.153588 0.031250 0.059028
0 0.856481 0.427675 0.038066 0.050412
0 0.861823 0.054131 0.039886 0.031339
0 0.797009 0.037749 0.041311 0.029915
0 0.071481 0.109877 0.048148 0.041975
0 0.237531 0.088272 0.041975 0.050617
0 0.179506 0.046296 0.054321 0.045679
0 0.013827 0.119136 0.027654 0.040741