0 0.137702 0.419231 0.027540 0.015670
0 0.123932 0.447958 0.036087 0.018044
0 0.268993 0.414482 0.034663 0.015670
0 0.433761 0.425404 0.039411 0.016619
0 0.462251 0.339459 0.045109 0.015670
0 0.506220 0.439364 0.031814 0.013770
0 0.547056 0.448386 0.037512 0.018519
0 0.515242 0.408500 0.020418 0.015670
0 0.550380 0.407075 0.036562 0.023267
0 0.592403 0.408974 0.033238 0.015670
0 0.639411 0.401140 0.029440 0.015195
0 0.696866 0.396866 0.036087 0.013295
0 0.773884 0.443542 0.039886 0.016619
0 0.814720 0.414815 0.037987 0.013295
0 0.819231 0.377066 0.042260 0.018519
0 0.871463 0.385850 0.029915 0.018044
0 0.888082 0.401994 0.022317 0.025641
0 0.903039 0.420038 0.038936 0.015195
0 0.897816 0.439269 0.037987 0.018519
0 0.928680 0.388936 0.030389 0.013770
0 0.961918 0.385613 0.032289 0.012821