0 0.266402 0.570018 0.066138 0.028219
0 0.277866 0.696120 0.069665 0.033510
0 0.455996 0.650705 0.092593 0.039683
0 0.508025 0.529453 0.066138 0.038801
0 0.525661 0.596473 0.037919 0.037037
0 0.659700 0.543122 0.053792 0.022046
0 0.762434 0.618078 0.077601 0.034392
0 0.676014 0.639683 0.082892 0.033510
0 0.712610 0.704497 0.071429 0.041446
0 0.849295 0.669224 0.069665 0.034392
0 0.874162 0.600882 0.055556 0.033510
0 0.851235 0.752557 0.074956 0.040564
0 0.938536 0.654233 0.050265 0.034392
0 0.962346 0.630864 0.062610 0.031746