0 0.122507 0.395584 0.094017 0.066952
0 0.796204 0.856759 0.139815 0.097222
0 0.757315 0.965185 0.102778 0.069630
0 0.862407 0.973981 0.087037 0.052037
0 0.606852 0.976296 0.100000 0.047407
0 0.495741 0.957685 0.107407 0.069444
0 0.542963 0.900741 0.085185 0.066667
0 0.421204 0.866481 0.110185 0.066667
0 0.476759 0.801667 0.102778 0.061111
0 0.564722 0.803981 0.100926 0.104630
0 0.625054 0.294662 0.108932 0.068627
0 0.385403 0.118736 0.095861 0.058824
0 0.573312 0.030501 0.101307 0.061002
0 0.743246 0.098039 0.101307 0.074074
0 0.911002 0.172113 0.140523 0.108932