0 0.830484 0.758689 0.113960 0.076923
0 0.324074 0.701709 0.123932 0.051282
0 0.240028 0.851282 0.101140 0.045584
0 0.047009 0.649003 0.094017 0.065527
0 0.171652 0.464530 0.098291 0.044160
0 0.069088 0.495869 0.095442 0.052707
0 0.843305 0.428917 0.094017 0.055556
0 0.913818 0.300712 0.089744 0.044160
0 0.757123 0.354843 0.103989 0.047009
0 0.666667 0.347009 0.111111 0.054131
0 0.588319 0.289316 0.119658 0.047009
0 0.487179 0.351994 0.085470 0.055556
0 0.589744 0.339174 0.056980 0.032764
0 0.146724 0.388319 0.111111 0.065527