0 0.817230 0.558857 0.054750 0.029791
0 0.755636 0.591063 0.071659 0.028180
0 0.701288 0.584219 0.051530 0.032206
0 0.635266 0.646216 0.066023 0.032206
0 0.659018 0.668760 0.049114 0.020934
0 0.581723 0.681643 0.052335 0.020934
0 0.132593 0.859259 0.054321 0.029630
0 0.275185 0.791358 0.062963 0.032099
0 0.192469 0.798765 0.062963 0.032099
0 0.137531 0.829630 0.054321 0.029630
0 0.064074 0.848148 0.053086 0.037037
0 0.017778 0.832716 0.032099 0.025926
0 0.030494 0.397531 0.060988 0.029630
0 0.323333 0.270988 0.053086 0.033333
0 0.381358 0.254938 0.053086 0.035802
0 0.027536 0.287440 0.053140 0.037037
0 0.117311 0.239936 0.047504 0.028986
0 0.160386 0.237520 0.032206 0.027375
0 0.204670 0.232287 0.046699 0.026570
0 0.254187 0.214573 0.055556 0.039452
0 0.233253 0.192834 0.045894 0.031401
0 0.337520 0.176329 0.033816 0.028986
0 0.340338 0.154992 0.037842 0.024960
0 0.388245 0.149758 0.051530 0.037037
0 0.360870 0.133655 0.035427 0.028986
0 0.466345 0.118357 0.040258 0.024155
0 0.476409 0.094605 0.041063 0.023349
0 0.431320 0.099436 0.029791 0.033011
0 0.511836 0.205717 0.068438 0.033011
0 0.526728 0.048148 0.040123 0.027160
0 0.567778 0.046296 0.034568 0.023457
0 0.670556 0.020988 0.053704 0.032099
0 0.851111 0.070062 0.044444 0.026543
0 0.879198 0.021914 0.043827 0.022840