0 0.892484 0.815251 0.079521 0.041394
0 0.885948 0.851198 0.066449 0.028322
0 0.907734 0.871895 0.038126 0.021786
0 0.885403 0.910022 0.058824 0.032680
0 0.635948 0.892266 0.084967 0.049020
0 0.698039 0.740305 0.063181 0.026144
0 0.507407 0.950000 0.078431 0.053377
0 0.466558 0.908606 0.088235 0.035948
0 0.423529 0.949455 0.108932 0.030501
0 0.275926 0.970697 0.042484 0.022876
0 0.046623 0.990523 0.063181 0.018954
0 0.110349 0.950000 0.044662 0.031590
0 0.056972 0.133987 0.070806 0.037037
0 0.191503 0.117647 0.078431 0.041394
0 0.152832 0.070806 0.053377 0.028322
0 0.061874 0.038126 0.045752 0.039216
0 0.350545 0.110566 0.074074 0.042484
0 0.431155 0.123094 0.069717 0.041394
0 0.487800 0.050654 0.074074 0.044662
0 0.299891 0.041394 0.044662 0.030501
0 0.631046 0.147059 0.077342 0.050109
0 0.587473 0.199891 0.070806 0.035948
0 0.566231 0.089869 0.043573 0.053377
0 0.648475 0.050109 0.025054 0.032680
0 0.883769 0.141068 0.059913 0.029412
0 0.835839 0.072440 0.059913 0.029412
0 0.905556 0.031046 0.079521 0.033769
0 0.968519 0.115741 0.044974 0.030423