0 0.119012 0.834074 0.066667 0.024691
0 0.098642 0.788395 0.045679 0.017284
0 0.190067 0.804125 0.048822 0.021044
0 0.264562 0.777189 0.058081 0.024411
0 0.266246 0.799916 0.047980 0.015993
0 0.329798 0.797391 0.067340 0.022727
0 0.290657 0.822643 0.069865 0.021044
0 0.229209 0.845791 0.039562 0.026936
0 0.435017 0.813384 0.052189 0.027778
0 0.552441 0.754461 0.068182 0.026094
0 0.680387 0.756987 0.059764 0.019360
0 0.564646 0.775926 0.060606 0.020202
0 0.394613 0.778030 0.040404 0.017677
0 0.695960 0.973737 0.040404 0.031987