0 0.977199 0.321065 0.045602 0.046296
0 0.830117 0.365692 0.028265 0.056530
0 0.710234 0.458285 0.039961 0.037037
0 0.534795 0.561598 0.063353 0.058480
0 0.372515 0.578168 0.046784 0.056530
0 0.262378 0.272417 0.048733 0.045809
0 0.333528 0.227583 0.046784 0.049708
0 0.441228 0.150097 0.059454 0.038986
0 0.451949 0.111598 0.053606 0.041910
0 0.522125 0.066277 0.086745 0.062378
0 0.496784 0.116959 0.036062 0.038986
0 0.593762 0.085283 0.062378 0.032164
0 0.611306 0.049708 0.064327 0.048733
0 0.669786 0.032651 0.038986 0.034113
0 0.711209 0.920175 0.086745 0.034113
0 0.706335 0.979630 0.057505 0.032164