0 0.353595 0.894717 0.049020 0.038671
0 0.370207 0.878105 0.055011 0.032680
0 0.364488 0.837800 0.038126 0.039216
0 0.230330 0.809610 0.038038 0.027027
0 0.172523 0.761562 0.045546 0.032032
0 0.031632 0.661211 0.043043 0.036537
0 0.080180 0.738539 0.022022 0.023023
0 0.033634 0.691241 0.051051 0.028529
0 0.143994 0.299600 0.042543 0.029029
0 0.271121 0.242793 0.045546 0.031532
0 0.218068 0.211261 0.057558 0.043544
0 0.058909 0.145696 0.092593 0.056557
0 0.078428 0.188739 0.049550 0.026527
0 0.042643 0.107357 0.047047 0.035536