0 0.528180 0.932448 0.046699 0.055556
0 0.620773 0.871659 0.054750 0.074074
0 0.779388 0.728744 0.066023 0.076490
0 0.584138 0.790338 0.049114 0.062802
0 0.642512 0.728744 0.048309 0.049114
0 0.698873 0.695733 0.037037 0.068438
0 0.652576 0.667955 0.050725 0.067633
0 0.848765 0.510935 0.096120 0.072310
0 0.836861 0.451852 0.072310 0.097002
0 0.926367 0.365432 0.050265 0.077601
0 0.984568 0.319577 0.030864 0.072310
0 0.039074 0.662870 0.037037 0.076852
0 0.102963 0.558241 0.035185 0.078704
0 0.158981 0.524907 0.047222 0.073148
0 0.058056 0.502222 0.054630 0.066667
0 0.011204 0.547130 0.022407 0.065741
0 0.125185 0.453148 0.051852 0.057407
0 0.182593 0.373519 0.064815 0.053704
0 0.282130 0.347593 0.056481 0.064815
0 0.178889 0.281852 0.037037 0.055556
0 0.284907 0.225370 0.049074 0.072222
0 0.301574 0.087500 0.043519 0.080556