0 0.837531 0.256173 0.071605 0.050617
0 0.724568 0.219136 0.072840 0.045679
0 0.707284 0.177778 0.109877 0.049383
0 0.921481 0.090741 0.069136 0.038272
0 0.641235 0.082716 0.061728 0.039506
0 0.646790 0.037654 0.055556 0.033333
0 0.704815 0.017284 0.062963 0.032099
0 0.456049 0.024074 0.049383 0.045679
0 0.081975 0.062963 0.076543 0.041975
0 0.099259 0.645185 0.086420 0.037037
0 0.043704 0.695185 0.074074 0.028395
0 0.147407 0.772963 0.066667 0.040741
0 0.594321 0.889630 0.069136 0.037037
0 0.667160 0.836543 0.069136 0.029630
0 0.777037 0.771111 0.069136 0.027160
0 0.962222 0.835309 0.054321 0.046914