0 0.622619 0.879233 0.051587 0.067460
0 0.519444 0.932143 0.035714 0.067460
0 0.574339 0.790608 0.037037 0.056878
0 0.637831 0.727778 0.052910 0.050265
0 0.654365 0.659656 0.041005 0.059524
0 0.700000 0.702645 0.039683 0.079365
0 0.783333 0.729762 0.055556 0.072751
0 0.885185 0.717196 0.044974 0.074074
0 0.843519 0.692725 0.043651 0.062169
0 0.846825 0.517460 0.100529 0.084656
0 0.842857 0.442725 0.079365 0.078042
0 0.930820 0.371032 0.056878 0.072751
0 0.985582 0.326058 0.028836 0.088624
0 0.044444 0.671351 0.041394 0.086057
0 0.105991 0.559150 0.035948 0.075163
0 0.161002 0.528105 0.043573 0.078431
0 0.064597 0.506318 0.042484 0.063181
0 0.129412 0.454575 0.058824 0.057734
0 0.180610 0.375599 0.065359 0.054466
0 0.288453 0.346732 0.045752 0.062092
0 0.177887 0.278649 0.035948 0.054466
0 0.287909 0.228540 0.044662 0.065359
0 0.298257 0.092593 0.056645 0.084967