0 0.208305 0.488103 0.017957 0.023569
0 0.252918 0.453872 0.023008 0.019080
0 0.318855 0.419080 0.020202 0.016835
0 0.405836 0.315264 0.017957 0.019080
0 0.077834 0.405892 0.019641 0.016274
0 0.112346 0.354826 0.026936 0.033109
0 0.238608 0.248485 0.024691 0.020202
0 0.505504 0.245885 0.021091 0.018519
0 0.553086 0.174640 0.021605 0.020062
0 0.610957 0.158951 0.025206 0.020576
0 0.651337 0.124743 0.020576 0.018004
0 0.762191 0.072531 0.021091 0.017490
0 0.809774 0.083591 0.024691 0.018004
0 0.845782 0.046553 0.014403 0.014918
0 0.860700 0.040895 0.012346 0.018004
0 0.841667 0.004630 0.016461 0.009259
0 0.870473 0.025206 0.013374 0.015432
0 0.858642 0.009002 0.013374 0.014918
0 0.873302 0.005144 0.015947 0.009259