0 0.027635 0.284829 0.055270 0.026353
0 0.016952 0.318305 0.033903 0.032051
0 0.033547 0.384544 0.064815 0.032051
0 0.180627 0.347863 0.108262 0.037037
0 0.164601 0.305128 0.076211 0.037037
0 0.133618 0.263462 0.094017 0.036325
0 0.255769 0.211823 0.079060 0.037037
0 0.154630 0.421225 0.054843 0.027066
0 0.238675 0.408405 0.054843 0.027066
0 0.322721 0.415171 0.071937 0.029202
0 0.397863 0.445442 0.078348 0.029915
0 0.444160 0.335043 0.075499 0.038462
0 0.518590 0.279843 0.061966 0.024929
0 0.561681 0.296937 0.085470 0.056268
0 0.544943 0.427279 0.051994 0.023504
0 0.526068 0.488177 0.071225 0.032764
0 0.620899 0.326587 0.084656 0.034392
0 0.678108 0.426455 0.044312 0.047619
0 0.788558 0.329894 0.080026 0.034392
0 0.931746 0.448942 0.062169 0.034392
0 0.845436 0.275000 0.087963 0.038360
0 0.976786 0.320966 0.046428 0.031085