0 0.623647 0.971439 0.037037 0.017806
0 0.579131 0.888462 0.029202 0.032764
0 0.449501 0.890598 0.036325 0.037037
0 0.984357 0.811160 0.028752 0.028752
0 0.978996 0.863304 0.030702 0.022904
0 0.956579 0.838938 0.033626 0.022904
0 0.919542 0.821881 0.029727 0.027778
0 0.938548 0.803850 0.029727 0.019981
0 0.951462 0.755117 0.020468 0.018031
0 0.900292 0.773635 0.025341 0.017057
0 0.847904 0.714425 0.026803 0.023392
0 0.818665 0.706871 0.025828 0.020955
0 0.722904 0.651072 0.033138 0.014620
0 0.642181 0.604184 0.039095 0.025377
0 0.977366 0.581207 0.035665 0.038409
0 0.962277 0.519479 0.032922 0.031550
0 0.886488 0.523594 0.026749 0.026063
0 0.859396 0.501303 0.031550 0.050069
0 0.908436 0.431001 0.036351 0.023320
0 0.875857 0.421399 0.041152 0.035665
0 0.825103 0.426543 0.032922 0.032236
0 0.823388 0.456722 0.030864 0.017147
0 0.787723 0.420713 0.025377 0.034294
0 0.623114 0.344582 0.045953 0.027435
0 0.607339 0.363443 0.051440 0.028121
0 0.550463 0.330170 0.030864 0.031636
0 0.870679 0.155093 0.040123 0.018519
0 0.869907 0.099537 0.043210 0.026235
0 0.943981 0.104938 0.027778 0.012346
0 0.956327 0.147377 0.027778 0.020062
0 0.946296 0.162037 0.030864 0.024691
0 0.985686 0.175425 0.028628 0.026527
0 0.815215 0.077578 0.025025 0.021021
0 0.758215 0.060304 0.028490 0.015195
0 0.757740 0.043922 0.035138 0.017569
0 0.738509 0.023979 0.032764 0.017569
0 0.667308 0.010328 0.042023 0.019231
0 0.571133 0.270697 0.035948 0.035948
0 0.500327 0.257625 0.018519 0.016340
0 0.431155 0.263072 0.043573 0.053377
0 0.391394 0.181917 0.033769 0.034858
0 0.354357 0.124183 0.020697 0.021786