0 0.683575 0.254026 0.028986 0.020129
0 0.803945 0.297907 0.020129 0.016103
0 0.696296 0.391026 0.029915 0.021368
0 0.274393 0.358429 0.036398 0.015964
0 0.248851 0.371201 0.032567 0.014687
0 0.410409 0.364496 0.031290 0.012771
0 0.422542 0.351724 0.022350 0.011494
0 0.415517 0.326181 0.022350 0.011494
0 0.453512 0.364176 0.033206 0.017241
0 0.462133 0.343742 0.019796 0.013410
0 0.527586 0.372158 0.040868 0.021711
0 0.488633 0.361941 0.019157 0.012771
0 0.485121 0.382695 0.031290 0.013410
0 0.627522 0.719540 0.023627 0.017880
0 0.471711 0.793295 0.040230 0.022350
0 0.324202 0.801916 0.026181 0.010217
0 0.368582 0.821711 0.030651 0.011494
0 0.620179 0.806705 0.024266 0.015964
0 0.540358 0.780843 0.022989 0.015326
0 0.643167 0.793295 0.021711 0.007024
0 0.631034 0.779246 0.022989 0.014687