0 0.830392 0.954357 0.072985 0.027233
0 0.750871 0.865577 0.059913 0.037037
0 0.689869 0.691830 0.066449 0.031590
0 0.802614 0.618301 0.087146 0.030501
0 0.579847 0.618845 0.057734 0.031590
0 0.522658 0.665686 0.069717 0.031590
0 0.470370 0.695643 0.034858 0.023965
0 0.388126 0.564379 0.099129 0.042484
0 0.260131 0.612309 0.106754 0.049020
0 0.165904 0.570915 0.094771 0.038126
0 0.046078 0.620479 0.062092 0.034858
0 0.120153 0.790414 0.072985 0.030501
0 0.975758 0.218013 0.047138 0.048822
0 0.965394 0.104745 0.061343 0.040509
0 0.894792 0.202546 0.086806 0.048611
0 0.835185 0.174190 0.067130 0.033565
0 0.812037 0.060185 0.094907 0.046296
0 0.709606 0.086806 0.082176 0.048611
0 0.753588 0.131944 0.070602 0.027778
0 0.736806 0.174190 0.074074 0.038194
0 0.659259 0.217014 0.083333 0.035880
0 0.660995 0.146412 0.065972 0.033565
0 0.584028 0.126157 0.074074 0.048611
0 0.617014 0.054398 0.063657 0.041667
0 0.509954 0.159144 0.092593 0.042824
0 0.435301 0.133102 0.084491 0.053241
0 0.538310 0.104745 0.082176 0.054398
0 0.507060 0.019676 0.068287 0.039352
0 0.469444 0.057870 0.062500 0.037037
0 0.379745 0.090856 0.072917 0.024306
0 0.346759 0.054398 0.090278 0.030093
0 0.322454 0.021991 0.078704 0.027778
0 0.254167 0.056713 0.094907 0.039352
0 0.166204 0.061921 0.078704 0.031250
0 0.165046 0.026042 0.067130 0.038194
0 0.070718 0.024884 0.063657 0.033565
0 0.174306 0.183449 0.083333 0.042824
0 0.375116 0.236690 0.056713 0.035880