0 0.301852 0.940741 0.047619 0.050265
0 0.221164 0.972487 0.060847 0.044974
0 0.202645 0.795238 0.042328 0.044974
0 0.971164 0.872619 0.052910 0.093915
0 0.915608 0.839550 0.058201 0.072751
0 0.838889 0.854762 0.063492 0.068783
0 0.894444 0.916270 0.042328 0.046296
0 0.969841 0.440079 0.039683 0.075397
0 0.690079 0.266799 0.038360 0.075397
0 0.686596 0.426896 0.035273 0.052028
0 0.660582 0.356790 0.055556 0.056437
0 0.594444 0.336067 0.041446 0.055556
0 0.547707 0.173280 0.055556 0.094356
0 0.369136 0.133598 0.061728 0.067901