0 0.871540 0.888597 0.064327 0.059454
0 0.744834 0.861793 0.066277 0.044834
0 0.718031 0.967544 0.071150 0.034113
0 0.451638 0.936895 0.077635 0.058405
0 0.502208 0.889174 0.071937 0.042735
0 0.474786 0.847151 0.071225 0.037037
0 0.388960 0.840029 0.060541 0.038462
0 0.369729 0.762749 0.051994 0.034900
0 0.112384 0.699190 0.065972 0.052083
0 0.074190 0.636690 0.042824 0.042824
0 0.026157 0.679514 0.034722 0.042824
0 0.223495 0.759954 0.042824 0.030093
0 0.308565 0.835764 0.027778 0.019676
0 0.178356 0.668519 0.026620 0.025463