0 0.086343 0.682755 0.048611 0.026620
0 0.340394 0.758565 0.049769 0.027778
0 0.519213 0.693171 0.055556 0.026620
0 0.561458 0.755671 0.045139 0.040509
0 0.579398 0.795602 0.043981 0.023148
0 0.664468 0.759144 0.054398 0.024306
0 0.572454 0.841319 0.060185 0.026620
0 0.519213 0.833796 0.043981 0.023148
0 0.630324 0.810648 0.055556 0.030093
0 0.678356 0.830903 0.059028 0.026620
0 0.767477 0.779398 0.059028 0.030093
0 0.783102 0.836111 0.055556 0.025463
0 0.860069 0.809491 0.056713 0.025463
0 0.846759 0.845370 0.050926 0.025463
0 0.910995 0.744676 0.049769 0.023148
0 0.978356 0.825694 0.043287 0.023148