0 0.658848 0.044925 0.021948 0.040466
0 0.689369 0.088820 0.025377 0.047325
0 0.722977 0.129973 0.033608 0.052812
0 0.757956 0.149520 0.028121 0.053498
0 0.693827 0.159122 0.017833 0.043896
0 0.716804 0.174897 0.017147 0.042524
0 0.733951 0.202332 0.021262 0.039781
0 0.743210 0.245542 0.019204 0.046639
0 0.716461 0.240055 0.027435 0.030178
0 0.771674 0.341221 0.034979 0.056927
0 0.770645 0.541495 0.039781 0.045953
0 0.813855 0.505830 0.028807 0.051440
0 0.816255 0.572359 0.029492 0.052812
0 0.913992 0.803155 0.021948 0.072702
0 0.079815 0.702778 0.057407 0.038889
0 0.075185 0.603704 0.037037 0.055556
0 0.421481 0.976574 0.024074 0.043519
0 0.342315 0.886296 0.028704 0.074074
0 0.379815 0.927963 0.024074 0.037037
0 0.394630 0.891852 0.029630 0.031481
0 0.397407 0.847870 0.024074 0.030556
0 0.359444 0.804815 0.031481 0.040741
0 0.331204 0.745556 0.028704 0.050000
0 0.373796 0.771019 0.028704 0.041667