0 0.509921 0.986243 0.026455 0.022487
0 0.506944 0.853968 0.027116 0.037037
0 0.446759 0.874140 0.031085 0.029762
0 0.356481 0.888360 0.015873 0.033069
0 0.313823 0.961772 0.016534 0.054233
0 0.955128 0.785613 0.032764 0.044160
0 0.957977 0.722934 0.029915 0.032764
0 0.793447 0.987892 0.028490 0.024216
0 0.046391 0.977968 0.025166 0.028490
0 0.016477 0.951377 0.022317 0.037987
0 0.019801 0.918613 0.028015 0.021842
0 0.076543 0.922887 0.021842 0.055081
0 0.054226 0.895109 0.018993 0.025166
0 0.143257 0.929297 0.034663 0.046059
0 0.097198 0.972507 0.025166 0.031814
0 0.122127 0.877540 0.030389 0.034663
0 0.176971 0.857835 0.031814 0.037037
0 0.247958 0.800617 0.030389 0.036562
0 0.082953 0.853561 0.019468 0.026591
0 0.095537 0.872792 0.017094 0.024217
0 0.122365 0.840028 0.025166 0.029915
0 0.110969 0.833856 0.023267 0.032764
0 0.095299 0.812726 0.028015 0.047483
0 0.147056 0.796581 0.026116 0.034188
0 0.172222 0.772365 0.019468 0.037037
0 0.153466 0.729392 0.035138 0.042260
0 0.200950 0.728917 0.035138 0.029915
0 0.242023 0.702089 0.030864 0.030389
0 0.229440 0.655081 0.030389 0.044634
0 0.272887 0.618044 0.035613 0.039886
0 0.268851 0.643210 0.029440 0.034188
0 0.307407 0.572702 0.024691 0.031550
0 0.338957 0.562071 0.016461 0.026749
0 0.325583 0.514746 0.033608 0.041838
0 0.307064 0.442044 0.019890 0.032236
0 0.092387 0.471879 0.033608 0.042524
0 0.113649 0.392318 0.041838 0.032922
0 0.014540 0.420782 0.023320 0.021262
0 0.028601 0.385460 0.017147 0.052126
0 0.085185 0.364883 0.024691 0.037037
0 0.475758 0.416667 0.025253 0.038721
0 0.469024 0.234428 0.015152 0.036195
0 0.497222 0.206229 0.022727 0.031987
0 0.586448 0.135101 0.017677 0.032828