0 0.951509 0.506859 0.034979 0.031550
0 0.916187 0.505487 0.035665 0.030178
0 0.961454 0.570988 0.035665 0.037723
0 0.863374 0.559671 0.048011 0.032922
0 0.768038 0.450617 0.043896 0.037037
0 0.738203 0.471193 0.030864 0.027435
0 0.690535 0.453361 0.043896 0.020576
0 0.704252 0.377915 0.028807 0.032922
0 0.635322 0.368313 0.028121 0.032922
0 0.534156 0.283608 0.038409 0.025377
0 0.444307 0.311385 0.032922 0.027435
0 0.133230 0.157407 0.038066 0.032922
0 0.136831 0.054012 0.053498 0.042181
0 0.088477 0.077160 0.051440 0.026749
0 0.305556 0.983230 0.045267 0.025720
0 0.194444 0.944650 0.061728 0.039095
0 0.065844 0.864918 0.039095 0.031893