0 0.687037 0.636458 0.085648 0.045139
0 0.684144 0.602894 0.077546 0.024306
0 0.578819 0.576852 0.065972 0.037037
0 0.548727 0.622569 0.089120 0.042824
0 0.512269 0.575694 0.076389 0.048611
0 0.366435 0.584954 0.074074 0.034722
0 0.327662 0.617361 0.091435 0.039352
0 0.240741 0.613533 0.074074 0.024217
0 0.213675 0.587892 0.071225 0.021368
0 0.172365 0.558689 0.074074 0.031339
0 0.094017 0.580769 0.065527 0.032764
0 0.011396 0.564387 0.022792 0.054131
0 0.099715 0.510969 0.065527 0.035613
0 0.060541 0.527350 0.058405 0.031339
0 0.022080 0.475356 0.044160 0.032764
0 0.077635 0.423362 0.061254 0.028490
0 0.054131 0.393447 0.071225 0.045584