0 0.884774 0.567490 0.051440 0.028807
0 0.843621 0.529424 0.041152 0.078189
0 0.800412 0.531996 0.055556 0.029835
0 0.759259 0.459465 0.061728 0.034979
0 0.774691 0.416770 0.059671 0.054527
0 0.864198 0.385391 0.055556 0.032922
0 0.640947 0.320576 0.041152 0.061728
0 0.664095 0.411111 0.070988 0.053498
0 0.686728 0.446605 0.056584 0.025720
0 0.599794 0.454835 0.051440 0.031893
0 0.450617 0.376132 0.059671 0.049383
0 0.401235 0.336008 0.041152 0.022634
0 0.250327 0.405011 0.069717 0.043573
0 0.293900 0.379956 0.065359 0.034858
0 0.110893 0.389760 0.067538 0.043573
0 0.065142 0.293355 0.052288 0.042484
0 0.176253 0.277560 0.047930 0.043573