0 0.552750 0.047138 0.070707 0.071829
0 0.414422 0.070707 0.069024 0.074074
0 0.306678 0.138047 0.091470 0.092031
0 0.382716 0.190516 0.072952 0.067901
0 0.471942 0.143659 0.089787 0.112233
0 0.622896 0.118406 0.078563 0.090909
0 0.691639 0.203423 0.047699 0.102694
0 0.575196 0.208754 0.083053 0.053872
0 0.420314 0.263749 0.092031 0.087542
0 0.254630 0.265542 0.092593 0.093254
0 0.302910 0.294974 0.070106 0.097884
0 0.527447 0.274140 0.086640 0.078704
0 0.605820 0.298611 0.087302 0.090608
0 0.689815 0.327712 0.088624 0.109127
0 0.810053 0.301058 0.088183 0.056437
0 0.784480 0.404233 0.093474 0.070547
0 0.700705 0.468607 0.075838 0.107584
0 0.613404 0.414374 0.100529 0.092593
0 0.531834 0.366755 0.073192 0.117284
0 0.452469 0.401587 0.062610 0.104056
0 0.400882 0.428483 0.056437 0.106702
0 0.273016 0.423633 0.107584 0.128748
0 0.189242 0.464638 0.097002 0.078483
0 0.181746 0.543122 0.089065 0.101411
0 0.273898 0.558554 0.068783 0.089947
0 0.377954 0.539153 0.104056 0.112875
0 0.524780 0.491093 0.064374 0.122575
0 0.460847 0.595150 0.074074 0.127866
0 0.611640 0.580600 0.095238 0.077601
0 0.675132 0.630423 0.086420 0.119048
0 0.829894 0.475661 0.066138 0.102293
0 0.786684 0.551499 0.071429 0.105820
0 0.883245 0.570018 0.068783 0.088183
0 0.908818 0.664374 0.067019 0.104056
0 0.802557 0.667901 0.066138 0.114638
0 0.880600 0.803439 0.091711 0.115520
0 0.814021 0.970106 0.092593 0.059083
0 0.734656 0.971605 0.041446 0.056790
0 0.800353 0.856349 0.086420 0.097884
0 0.764198 0.776984 0.088183 0.087302
0 0.656614 0.764198 0.091711 0.111111
0 0.688360 0.856349 0.074074 0.115520
0 0.608995 0.885009 0.081129 0.114638
0 0.540653 0.856349 0.083774 0.108466
0 0.526102 0.714815 0.051146 0.128748
0 0.384568 0.648236 0.071429 0.104938
0 0.425132 0.790212 0.108466 0.115520
0 0.455115 0.952646 0.078483 0.094708
0 0.560494 0.983510 0.044092 0.032980
0 0.641623 0.984392 0.047619 0.031216
0 0.347531 0.949824 0.092593 0.099647
0 0.229365 0.652205 0.090829 0.082892
0 0.291975 0.717019 0.087302 0.134921
0 0.339153 0.762434 0.084656 0.116402
0 0.255379 0.861640 0.079365 0.120811
0 0.593122 0.688801 0.100529 0.097884