0 0.105926 0.169444 0.162963 0.112963
0 0.254074 0.183333 0.151852 0.196296
0 0.430000 0.180556 0.096296 0.183333
0 0.592037 0.176852 0.153704 0.194444
0 0.760556 0.187037 0.090741 0.207407
0 0.900370 0.207407 0.170370 0.118519
0 0.105000 0.475926 0.142593 0.129630
0 0.247593 0.497222 0.116667 0.161111
0 0.438333 0.476852 0.153704 0.109259
0 0.582778 0.477778 0.061111 0.229630
0 0.733704 0.490741 0.081481 0.218519
0 0.901296 0.495370 0.124074 0.094444
0 0.111481 0.793519 0.140741 0.175926
0 0.261481 0.819444 0.092593 0.168519
0 0.437407 0.794444 0.081481 0.240741
0 0.607778 0.792593 0.137037 0.092593
0 0.756852 0.800926 0.112963 0.175926
0 0.906852 0.812963 0.138889 0.122222
0 0.930000 0.724074 0.118519 0.085185