0 0.2265625 0.2171875 0.315625 0.334375
0 0.0859375 0.6359375 0.171875 0.540625
0 0.2546875 0.584375 0.221875 0.48125
0 0.3984375 0.3796875 0.228125 0.371875
0 0.4828125 0.509375 0.259375 0.36875
0 0.3390625 0.0265625 0.278125 0.053125
0 0.4921875 0.090625 0.346875 0.18125
0 0.68125 0.2609375 0.2 0.378125
0 0.796875 0.225 0.225 0.45
0 0.9515625 0.2171875 0.084375 0.303125
0 0.7921875 0.515625 0.409375 0.23125
0 0.6421875 0.753125 0.246875 0.325
0 0.140625 0.884375 0.28125 0.225
0 0.5015625 0.93125 0.459375 0.13125
0 0.896875 0.81875 0.2 0.35625
0 0.7953125 0.8234375 0.146875 0.346875