0 0.0671875 0.0828125 0.03984375 0.04921875
0 0.03359375 0.3203125 0.0375 0.03671875
0 0.2328125 0.31875 0.05 0.05859375
0 0.05234375 0.43671875 0.0296875 0.03671875
0 0.15390625 0.6109375 0.0375 0.03984375
0 0.27265625 0.425 0.03515625 0.04921875
0 0.24765625 0.45703125 0.0453125 0.05234375
0 0.3921875 0.47265625 0.03984375 0.04609375
0 0.36875 0.92734375 0.0578125 0.07109375
0 0.675 0.53515625 0.03515625 0.03671875
0 0.55390625 0.65546875 0.05234375 0.04921875
0 0.48125 0.46171875 0.0375 0.04296875
0 0.62265625 0.45234375 0.03984375 0.06796875
0 0.56875 0.4828125 0.0328125 0.05546875
0 0.57890625 0.53828125 0.02734375 0.03046875
0 0.82890625 0.5828125 0.04765625 0.03984375
0 0.69609375 0.64296875 0.02734375 0.03671875
0 0.85625 0.43515625 0.04765625 0.04609375
0 0.77890625 0.35859375 0.0421875 0.03984375
0 0.91015625 0.33515625 0.025 0.04296875
0 0.5390625 0.05859375 0.0328125 0.06171875
0 0.85390625 0.05234375 0.0578125 0.03671875
0 0.63515625 0.17421875 0.03515625 0.05234375
0 0.49765625 0.30625 0.025 0.03359375
0 0.68125 0.13359375 0.02265625 0.03984375
0 0.78359375 0.13984375 0.02265625 0.04609375
0 0.91484375 0.13359375 0.0453125 0.02734375
0 0.26484375 0.06015625 0.0296875 0.03984375
0 0.34765625 0.03828125 0.0296875 0.02734375