0 0.21171875 0.1890625 0.1546875 0.32109375
0 0.19609375 0.6 0.103125 0.24296875
0 0.55703125 0.4140625 0.04140625 0.04296875
0 0.4484375 0.54296875 0.0515625 0.02890625
0 0.5671875 0.60703125 0.0203125 0.02890625
0 0.59296875 0.65390625 0.01015625 0.0359375
0 0.634375 0.59609375 0.01015625 0.0359375
0 0.57734375 0.80390625 0.0203125 0.0359375
0 0.634375 0.6609375 0.01015625 0.0359375
0 0.5203125 0.05 0.0515625 0.07109375
0 0.55703125 0.04609375 0.04140625 0.07890625
0 0.59765625 0.05390625 0.04140625 0.0640625
0 0.628125 0.04609375 0.040625 0.0921875
0 0.66484375 0.05 0.03125 0.07109375
0 0.69609375 0.05390625 0.03125 0.07890625
0 0.7375 0.05 0.0515625 0.1
0 0.78828125 0.05390625 0.03125 0.07890625
0 0.81953125 0.06796875 0.03125 0.0640625