0 0.38203125 0.184375 0.1546875 0.18671875
0 0.11171875 0.359375 0.2046875 0.13671875
0 0.20703125 0.31328125 0.17734375 0.1453125
0 0.1 0.659375 0.12734375 0.2453125
0 0.13828125 0.5046875 0.15 0.209375
0 0.73828125 0.1546875 0.21328125 0.16328125
0 0.67265625 0.1953125 0.2 0.16328125
0 0.66328125 0.2953125 0.23671875 0.16328125
0 0.475 0.2546875 0.08671875 0.22734375
0 0.40234375 0.384375 0.15 0.15
0 0.30703125 0.36171875 0.1953125 0.2046875
0 0.315625 0.52265625 0.17734375 0.17265625
0 0.2703125 0.6203125 0.16796875 0.17734375
0 0.28203125 0.784375 0.22734375 0.17734375
0 0.5546875 0.82265625 0.209375 0.109375
0 0.4296875 0.55 0.159375 0.22734375
0 0.63671875 0.415625 0.13671875 0.1953125
0 0.8703125 0.37734375 0.16796875 0.13671875
0 0.84296875 0.45 0.21328125 0.1453125
0 0.73671875 0.475 0.109375 0.1046875
0 0.575 0.5796875 0.140625 0.1953125
0 0.690625 0.57265625 0.08203125 0.12734375
0 0.80703125 0.64765625 0.2046875 0.27734375
0 0.559375 0.69765625 0.209375 0.140625
0 0.91328125 0.77265625 0.12734375 0.1546875
0 0.70703125 0.7796875 0.0953125 0.13203125