0 0.53515625 0.471875 0.721875 0.409375
0 0.74921875 0.6671875 0.03671875 0.0640625
0 0.31171875 0.7546875 0.06015625 0.10546875
0 0.38359375 0.66015625 0.12734375 0.0609375
0 0.45 0.75078125 0.06015625 0.0640625
0 0.5390625 0.8484375 0.13984375 0.153125
0 0.61484375 0.76484375 0.04765625 0.10859375
0 0.65 0.7046875 0.13671875 0.078125
0 0.0296875 0.5953125 0.059375 0.1
0 0.13984375 0.4625 0.0984375 0.08359375
0 0.15703125 0.35390625 0.03125 0.09453125
0 0.21875 0.33828125 0.05234375 0.08046875
0 0.05078125 0.1 0.02890625 0.04453125
0 0.1265625 0.053125 0.05234375 0.09453125
0 0.14453125 0.16875 0.0890625 0.08046875
0 0.28984375 0.0109375 0.0203125 0.021875
0 0.35390625 0.12421875 0.0671875 0.10859375
0 0.31484375 0.22578125 0.03984375 0.0390625
0 0.4375 0.203125 0.0421875 0.1
0 0.50078125 0.18359375 0.05625 0.08359375
0 0.49765625 0.24921875 0.034375 0.04765625
0 0.571875 0.1390625 0.05234375 0.1390625
0 0.63203125 0.27578125 0.0421875 0.04453125
0 0.7453125 0.14765625 0.0546875 0.13359375
0 0.68828125 0.1765625 0.0125 0.0359375
0 0.79375 0.15625 0.034375 0.0609375
0 0.78828125 0.26640625 0.09296875 0.053125
0 0.93203125 0.40078125 0.03828125 0.05546875