0 0.5578125 0.16953125 0.12578125 0.08828125
0 0.4296875 0.1984375 0.07578125 0.08046875
0 0.759375 0.10625 0.09609375 0.12265625
0 0.5953125 0.28203125 0.08125 0.14609375
0 0.6828125 0.38828125 0.15703125 0.17578125
0 0.8515625 0.33046875 0.1296875 0.20234375
0 0.265625 0.51171875 0.17109375 0.17578125
0 0.5875 0.59453125 0.090625 0.225
0 0.85703125 0.57421875 0.0859375 0.20234375
0 0.17421875 0.72265625 0.19375 0.18515625
0 0.3453125 0.77734375 0.175 0.23046875
0 0.5953125 0.8140625 0.1734375 0.18671875
0 0.3796875 0.3546875 0.0390625 0.04921875