0 0.3828125 0.09140625 0.06171875 0.09296875
0 0.30078125 0.13515625 0.075 0.10546875
0 0.3578125 0.246875 0.0734375 0.103125
0 0.20703125 0.403125 0.05625 0.0453125
0 0.30390625 0.35625 0.046875 0.06015625
0 0.40703125 0.32109375 0.03984375 0.05546875
0 0.41171875 0.45703125 0.06796875 0.0578125
0 0.540625 0.4046875 0.1 0.128125
0 0.4984375 0.4703125 0.0640625 0.09765625
0 0.075 0.5453125 0.05625 0.1125
0 0.0328125 0.653125 0.05078125 0.05234375
0 0.08828125 0.7265625 0.06015625 0.0953125
0 0.228125 0.71953125 0.1 0.06484375
0 0.26953125 0.91953125 0.03984375 0.075
0 0.42265625 0.93828125 0.05234375 0.11796875
0 0.528125 0.5875 0.08671875 0.1078125
0 0.60546875 0.5328125 0.0453125 0.0578125
0 0.61171875 0.7546875 0.03984375 0.15546875
0 0.56796875 0.8734375 0.07890625 0.12265625
0 0.940625 0.08984375 0.084375 0.06015625
0 0.98046875 0.315625 0.028125 0.0453125
0 0.9703125 0.4671875 0.05625 0.09765625