0 0.2171875 0.1953125 0.16015625 0.32421875
0 0.2109375 0.6125 0.1171875 0.23359375
0 0.5703125 0.425 0.03515625 0.03125
0 0.45859375 0.55625 0.02734375 0.0453125
0 0.58125 0.62421875 0.02734375 0.03125
0 0.6 0.6640625 0.01015625 0.034375
0 0.6421875 0.675 0.025 0.03984375
0 0.6 0.8125 0.025 0.03828125
0 0.53359375 0.06640625 0.0625 0.08828125
0 0.5765625 0.05390625 0.0375 0.0828125
0 0.6125 0.06171875 0.0296875 0.0953125
0 0.64375 0.05390625 0.04765625 0.08671875
0 0.6796875 0.0640625 0.03984375 0.0828125
0 0.7140625 0.06328125 0.0375 0.08828125
0 0.75234375 0.0609375 0.03515625 0.1078125
0 0.79140625 0.0640625 0.0421875 0.0765625
0 0.8265625 0.071875 0.05234375 0.07109375