0 0.23046875 0.15703125 0.125 0.1734375
0 0.1609375 0.390625 0.16796875 0.2640625
0 0.325 0.27109375 0.103125 0.115625
0 0.03203125 0.66328125 0.06328125 0.14609375
0 0.24921875 0.60703125 0.128125 0.16328125
0 0.2171875 0.77890625 0.171875 0.20078125
0 0.06484375 0.846875 0.1296875 0.190625
0 0.17890625 0.91953125 0.10859375 0.15546875
0 0.37890625 0.67578125 0.128125 0.21640625
0 0.4328125 0.8859375 0.15859375 0.2234375
0 0.5609375 0.7890625 0.11171875 0.3671875
0 0.63671875 0.59453125 0.16328125 0.27421875
0 0.7921875 0.075 0.165625 0.15
0 0.64453125 0.31640625 0.121875 0.1203125
0 0.87421875 0.27734375 0.18203125 0.18828125
0 0.7890625 0.621875 0.13515625 0.27421875
0 0.7 0.921875 0.11015625 0.15078125
0 0.91015625 0.6390625 0.1296875 0.18359375
0 0.93984375 0.79375 0.11640625 0.1859375
0 0.93671875 0.09453125 0.1203125 0.18828125