0 0.06015625 0.61015625 0.05234375 0.09765625
0 0.0765625 0.78984375 0.0453125 0.09140625
0 0.14765625 0.88828125 0.05703125 0.09921875
0 0.25546875 0.52421875 0.04921875 0.07421875
0 0.2625 0.7046875 0.034375 0.09453125
0 0.3 0.9046875 0.0453125 0.07734375
0 0.46171875 0.42578125 0.0390625 0.08046875
0 0.38046875 0.59140625 0.02109375 0.04375
0 0.49453125 0.67421875 0.02734375 0.0640625
0 0.4046875 0.825 0.04609375 0.07578125
0 0.49453125 0.759375 0.034375 0.08203125
0 0.378125 0.95078125 0.03046875 0.046875
0 0.628125 0.54765625 0.03828125 0.08828125
0 0.73671875 0.46796875 0.05 0.08984375
0 0.809375 0.56953125 0.05546875 0.1125
0 0.9171875 0.6015625 0.0484375 0.0734375
0 0.76953125 0.74296875 0.04921875 0.09453125
0 0.6921875 0.9109375 0.05546875 0.10234375
0 0.84921875 0.825 0.05390625 0.09765625