0 0.2296875 0.1703125 0.12734375 0.21640625
0 0.3328125 0.19921875 0.0921875 0.27421875
0 0.1625 0.38671875 0.178125 0.27421875
0 0.03359375 0.6609375 0.0671875 0.1390625
0 0.06171875 0.8484375 0.1234375 0.196875
0 0.25625 0.60546875 0.13671875 0.1734375
0 0.21484375 0.771875 0.18125 0.196875
0 0.175 0.9203125 0.10859375 0.14921875
0 0.37578125 0.6734375 0.13359375 0.22109375
0 0.428125 0.88203125 0.175 0.22578125
0 0.55859375 0.803125 0.11796875 0.384375
0 0.63828125 0.5890625 0.15625 0.28359375
0 0.69609375 0.9203125 0.11171875 0.14921875
0 0.78515625 0.615625 0.13046875 0.26953125
0 0.90625 0.63671875 0.13046875 0.21640625
0 0.94609375 0.7984375 0.1015625 0.1921875
0 0.84375 0.09375 0.28046875 0.1875
0 0.87109375 0.271875 0.18125 0.196875
0 0.6515625 0.32421875 0.12421875 0.1109375