0 0.4296875 0.09609375 0.0125 0.02890625
0 0.43203125 0.134375 0.01640625 0.0234375
0 0.44296875 0.18046875 0.0140625 0.03671875
0 0.45234375 0.23515625 0.01640625 0.03203125
0 0.46015625 0.31171875 0.0140625 0.028125
0 0.46875 0.3546875 0.0171875 0.0296875
0 0.4734375 0.39140625 0.01875 0.02265625
0 0.47890625 0.4140625 0.01875 0.02578125
0 0.48515625 0.45078125 0.028125 0.025
0 0.43984375 0.52265625 0.01640625 0.034375
0 0.49609375 0.51796875 0.0203125 0.0359375
0 0.4859375 0.5828125 0.01640625 0.02421875
0 0.33046875 0.7015625 0.0125 0.04453125
0 0.33359375 0.7671875 0.015625 0.021875
0 0.3375 0.80390625 0.01875 0.0234375
0 0.3453125 0.8625 0.025 0.03125
0 0.346875 0.94140625 0.02109375 0.0203125
0 0.33828125 0.9796875 0.01875 0.0390625
0 0.06484375 0.67109375 0.02265625 0.028125
0 0.65546875 0.609375 0.0234375 0.075
0 0.60234375 0.2328125 0.0234375 0.0484375
0 0.6046875 0.3578125 0.02578125 0.02890625
0 0.60859375 0.43984375 0.02109375 0.046875
0 0.61640625 0.53359375 0.01328125 0.06875
0 0.97890625 0.13828125 0.02265625 0.05625
0 0.9734375 0.20234375 0.0234375 0.04453125
0 0.81875 0.50078125 0.01953125 0.0265625
0 0.94453125 0.46796875 0.02265625 0.02265625
0 0.93046875 0.38203125 0.01171875 0.0234375