0 0.196875 0.17265625 0.18046875 0.3375
0 0.17578125 0.625 0.12734375 0.271875
0 0.5828125 0.41796875 0.0296875 0.03046875
0 0.45234375 0.56171875 0.04140625 0.04296875
0 0.5890625 0.6359375 0.0296875 0.0328125
0 0.60625 0.84140625 0.0296875 0.034375
0 0.6171875 0.67890625 0.02109375 0.03671875
0 0.6609375 0.68984375 0.0328125 0.05078125
0 0.53828125 0.03203125 0.06484375 0.06328125
0 0.5859375 0.0296875 0.04765625 0.059375
0 0.62109375 0.0265625 0.04765625 0.053125
0 0.6671875 0.0296875 0.04453125 0.05546875
0 0.7 0.03203125 0.05 0.06328125
0 0.73828125 0.03359375 0.04453125 0.0671875
0 0.78359375 0.0375 0.0640625 0.075
0 0.82578125 0.0359375 0.04140625 0.071875
0 0.8625 0.0359375 0.04453125 0.071875