0 0.31875 0.2015625 0.11015625 0.0875
0 0.58671875 0.3875 0.05390625 0.103125
0 0.63671875 0.4421875 0.05 0.11875
0 0.72890625 0.45703125 0.065625 0.12890625
0 0.19765625 0.62421875 0.04765625 0.1109375
0 0.25390625 0.63984375 0.05234375 0.13671875
0 0.38828125 0.7328125 0.06015625 0.12109375
0 0.5328125 0.72890625 0.08203125 0.09296875
0 0.5640625 0.7625 0.07578125 0.07734375
0 0.77890625 0.68984375 0.06171875 0.09296875
0 0.6359375 0.80078125 0.09609375 0.07265625
0 0.64921875 0.871875 0.0859375 0.059375
0 0.30078125 0.87890625 0.0703125 0.0828125
0 0.34765625 0.9265625 0.0921875 0.06953125