0 0.1703125 0.45859375 0.159375 0.51796875
0 0.30859375 0.28515625 0.18359375 0.49140625
0 0.54140625 0.1625 0.30703125 0.2578125
0 0.8015625 0.165625 0.2421875 0.27890625
0 0.77265625 0.35703125 0.24765625 0.19765625
0 0.58125 0.425 0.28515625 0.30390625
0 0.48828125 0.51171875 0.2375 0.22421875
0 0.29921875 0.821875 0.34140625 0.3546875
0 0.44375 0.721875 0.2390625 0.33203125
0 0.5578125 0.8 0.2515625 0.384375
0 0.66015625 0.64765625 0.1578125 0.175
0 0.8234375 0.584375 0.23671875 0.24140625
0 0.775 0.80546875 0.24609375 0.21328125