0 0.334375 0.39609375 0.2375 0.14140625
0 0.325 0.2359375 0.10703125 0.16796875
0 0.21328125 0.3296875 0.10703125 0.19296875
0 0.2328125 0.5375 0.15078125 0.1890625
0 0.4421875 0.15390625 0.1265625 0.09765625
0 0.45 0.24296875 0.1375 0.14765625
0 0.5671875 0.3171875 0.22265625 0.11171875
0 0.559375 0.409375 0.22265625 0.146875
0 0.5015625 0.47578125 0.215625 0.13359375
0 0.39609375 0.5125 0.14375 0.09453125
0 0.47421875 0.584375 0.2734375 0.13203125
0 0.653125 0.153125 0.2296875 0.109375
0 0.6421875 0.26328125 0.09765625 0.09453125
0 0.73984375 0.20703125 0.1625 0.1203125
0 0.83984375 0.36015625 0.24765625 0.1890625
0 0.74921875 0.40078125 0.17890625 0.14765625
0 0.678125 0.5875 0.1375 0.2203125
0 0.8171875 0.571875 0.13046875 0.20546875
0 0.2984375 0.7046875 0.16796875 0.115625
0 0.47578125 0.725 0.2296875 0.146875
0 0.50703125 0.6859375 0.109375 0.1078125
0 0.64765625 0.73515625 0.22109375 0.1265625
0 0.93359375 0.7203125 0.128125 0.090625
0 0.92109375 0.77578125 0.1546875 0.03984375
0 0.29609375 0.60703125 0.1015625 0.0703125
0 0.56171875 0.228125 0.07734375 0.08828125