0 0.3703125 0.27265625 0.07734375 0.090625
0 0.33671875 0.29765625 0.1546875 0.13203125
0 0.265625 0.33203125 0.06796875 0.11796875
0 0.34765625 0.37734375 0.13203125 0.07265625
0 0.184375 0.42265625 0.0953125 0.12734375
0 0.1296875 0.56171875 0.08671875 0.13203125
0 0.4953125 0.3296875 0.13671875 0.059375
0 0.66328125 0.35 0.090625 0.11796875
0 0.55234375 0.384375 0.16796875 0.07734375
0 0.4453125 0.4046875 0.07265625 0.109375
0 0.31796875 0.43203125 0.1453125 0.06328125
0 0.27734375 0.48828125 0.109375 0.11328125
0 0.36328125 0.4796875 0.109375 0.07734375
0 0.46171875 0.5296875 0.0953125 0.11328125
0 0.5203125 0.4546875 0.13203125 0.08203125
0 0.65703125 0.4453125 0.140625 0.07265625
0 0.609375 0.53828125 0.06328125 0.12265625
0 0.65703125 0.53671875 0.059375 0.11796875
0 0.7296875 0.540625 0.1046875 0.090625
0 0.38828125 0.5703125 0.12265625 0.1046875
0 0.1953125 0.58671875 0.08203125 0.13671875
0 0.31328125 0.584375 0.1453125 0.06796875
0 0.290625 0.7 0.1 0.11796875
0 0.20703125 0.7296875 0.059375 0.1046875
0 0.31171875 0.64296875 0.06796875 0.06796875
0 0.40703125 0.66796875 0.12265625 0.090625
0 0.484375 0.6296875 0.06796875 0.0953125
0 0.56171875 0.675 0.12265625 0.12265625
0 0.57734375 0.60234375 0.1 0.06796875
0 0.65234375 0.63671875 0.13203125 0.06328125
0 0.70234375 0.73671875 0.12265625 0.12734375
0 0.25 0.81328125 0.1 0.109375
0 0.39296875 0.73828125 0.0953125 0.12265625
0 0.5046875 0.7703125 0.1453125 0.059375
0 0.365625 0.80234375 0.0953125 0.1046875
0 0.36328125 0.8953125 0.1453125 0.090625
0 0.46171875 0.8546875 0.1046875 0.12734375
0 0.56171875 0.83671875 0.1046875 0.11796875