0 0.11796875 0.21875 0.1390625 0.2625
0 0.053125 0.37734375 0.10625 0.1546875
0 0.31484375 0.134375 0.18046875 0.23515625
0 0.3015625 0.2578125 0.221875 0.171875
0 0.13046875 0.28984375 0.2390625 0.08515625
0 0.5234375 0.1109375 0.25546875 0.16640625
0 0.76640625 0.0671875 0.225 0.1140625
0 0.72890625 0.1828125 0.24453125 0.1328125
0 0.45234375 0.315625 0.159375 0.15703125
0 0.53984375 0.23984375 0.10546875 0.16328125
0 0.66484375 0.284375 0.12109375 0.16953125
0 0.88125 0.32890625 0.23515625 0.1375
0 0.78515625 0.27578125 0.09140625 0.075
0 0.109375 0.61796875 0.08828125 0.2046875
0 0.29765625 0.64296875 0.2078125 0.0875
0 0.56171875 0.74453125 0.1125 0.2375
0 0.92109375 0.4984375 0.08515625 0.25390625
0 0.94453125 0.67421875 0.10859375 0.1515625
0 0.734375 0.7546875 0.1109375 0.12109375
0 0.8140625 0.65859375 0.225 0.1421875
0 0.68515625 0.68125 0.1296875 0.04765625
0 0.86015625 0.74765625 0.2078125 0.10234375
0 0.44921875 0.62421875 0.10546875 0.0515625
0 0.446875 0.68671875 0.12109375 0.07578125
0 0.20859375 0.75390625 0.1546875 0.12890625
0 0.33359375 0.771875 0.1515625 0.10234375
0 0.446875 0.82890625 0.1109375 0.18671875
0 0.28984375 0.87109375 0.17109375 0.14375
0 0.40859375 0.90546875 0.16328125 0.18671875
0 0.665625 0.790625 0.11171875 0.1046875
0 0.5796875 0.89453125 0.178125 0.13046875
0 0.76171875 0.49609375 0.10546875 0.06875
0 0.44140625 0.50078125 0.22890625 0.0578125
0 0.6375 0.490625 0.12109375 0.0609375
0 0.14765625 0.49296875 0.16484375 0.06875