0 0.1359375 0.35546875 0.16953125 0.11328125
0 0.121875 0.68359375 0.1421875 0.2265625
0 0.2578125 0.409375 0.12890625 0.14921875
0 0.39140625 0.359375 0.159375 0.11328125
0 0.2625 0.540625 0.11875 0.11328125
0 0.278125 0.66328125 0.1015625 0.13125
0 0.4765625 0.49765625 0.15234375 0.16328125
0 0.41328125 0.68515625 0.10859375 0.221875
0 0.5390625 0.40703125 0.09453125 0.09921875
0 0.6234375 0.2875 0.10859375 0.19453125
0 0.6984375 0.4703125 0.121875 0.10859375
0 0.621875 0.62421875 0.11875 0.19921875
0 0.7421875 0.6265625 0.1421875 0.221875
0 0.815625 0.46171875 0.11875 0.18984375