0 0.5953125 0.10859375 0.0265625 0.0375
0 0.690625 0.22734375 0.02421875 0.0375
0 0.72578125 0.33671875 0.01640625 0.0328125
0 0.28046875 0.20703125 0.0265625 0.04453125
0 0.41640625 0.26484375 0.0203125 0.02734375
0 0.60546875 0.2828125 0.0296875 0.02890625
0 0.696875 0.5546875 0.01640625 0.04140625
0 0.50859375 0.334375 0.025 0.0296875
0 0.57421875 0.3734375 0.021875 0.025
0 0.5734375 0.42578125 0.02734375 0.0390625
0 0.634375 0.46015625 0.02421875 0.0453125
0 0.35703125 0.36171875 0.01484375 0.02109375
0 0.43671875 0.35859375 0.01640625 0.021875
0 0.4578125 0.4421875 0.025 0.01953125
0 0.46484375 0.52890625 0.025 0.03359375
0 0.26328125 0.42890625 0.034375 0.02734375
0 0.17578125 0.4390625 0.03515625 0.025
0 0.2109375 0.44140625 0.0140625 0.02890625
0 0.08671875 0.6 0.02734375 0.025
0 0.35234375 0.6828125 0.0171875 0.02734375
0 0.42578125 0.709375 0.03125 0.02734375
0 0.3234375 0.6390625 0.021875 0.0375
0 0.16484375 0.6765625 0.01875 0.021875
0 0.1625 0.8046875 0.02265625 0.03671875
0 0.21015625 0.7625 0.02265625 0.0296875
0 0.28125 0.771875 0.021875 0.03671875
0 0.359375 0.8890625 0.0328125 0.0328125
0 0.2984375 0.96875 0.0265625 0.03359375
0 0.58046875 0.7328125 0.0203125 0.03359375
0 0.4875 0.9375 0.01953125 0.03359375
0 0.584375 0.98671875 0.0328125 0.0234375
0 0.6453125 0.8421875 0.0265625 0.03671875
0 0.63984375 0.290625 0.01875 0.040625