0 0.09921875 0.43515625 0.07890625 0.08671875
0 0.77578125 0.1234375 0.04140625 0.046875
0 0.965625 0.05703125 0.04765625 0.03984375
0 0.79453125 0.0234375 0.02890625 0.046875
0 0.3015625 0.0484375 0.01484375 0.01640625
0 0.3109375 0.08515625 0.01640625 0.03671875
0 0.67421875 0.19921875 0.02109375 0.03046875
0 0.63671875 0.3859375 0.025 0.03046875
0 0.76640625 0.5671875 0.03515625 0.0234375
0 0.73125 0.60390625 0.02265625 0.03671875
0 0.01640625 0.5453125 0.0328125 0.03984375
0 0.90546875 0.3078125 0.01875 0.0265625
0 0.98515625 0.3046875 0.025 0.0265625
0 0.9875 0.37421875 0.01640625 0.0734375
0 0.56953125 0.53046875 0.02265625 0.0234375
0 0.52109375 0.53359375 0.02109375 0.01640625
0 0.52890625 0.55703125 0.025 0.0234375