0 0.0984375 0.12890625 0.1734375 0.25703125
0 0.346875 0.1265625 0.1734375 0.253125
0 0.62109375 0.1265625 0.17890625 0.253125
0 0.8875 0.1203125 0.16796875 0.240625
0 0.10390625 0.4078125 0.1734375 0.24453125
0 0.35546875 0.40234375 0.16796875 0.240625
0 0.61875 0.4078125 0.1734375 0.253125
0 0.89296875 0.41015625 0.190625 0.240625
0 0.0984375 0.66328125 0.16171875 0.1921875
0 0.346875 0.66328125 0.12734375 0.2
0 0.61015625 0.6609375 0.14453125 0.1796875
0 0.88984375 0.659375 0.15 0.1921875
0 0.08984375 0.88984375 0.14453125 0.15546875