0 0.30390625 0.26875 0.2078125 0.134375
0 0.53046875 0.2390625 0.14375 0.09375
0 0.44765625 0.3390625 0.13359375 0.08984375
0 0.6453125 0.32109375 0.28828125 0.165625
0 0.5109375 0.44921875 0.22109375 0.13828125
0 0.70234375 0.49296875 0.22109375 0.1859375
0 0.3015625 0.51796875 0.2296875 0.1796875
0 0.3265625 0.41796875 0.125 0.05234375
0 0.709375 0.62578125 0.27734375 0.1796875
0 0.45234375 0.6203125 0.2640625 0.1921875
0 0.30390625 0.815625 0.26171875 0.3
0 0.60703125 0.88984375 0.328125 0.1640625