0 0.12421875 0.37109375 0.16484375 0.32890625
0 0.25 0.2109375 0.16484375 0.2609375
0 0.596875 0.159375 0.2578125 0.22890625
0 0.45625 0.2390625 0.27421875 0.1421875
0 0.86953125 0.2890625 0.1578125 0.22265625
0 0.746875 0.36484375 0.2546875 0.19375
0 0.48046875 0.36640625 0.21328125 0.1390625
0 0.26484375 0.4015625 0.18671875 0.22265625
0 0.14375 0.5921875 0.2421875 0.11953125
0 0.38671875 0.58515625 0.2578125 0.11953125
0 0.6921875 0.62890625 0.21640625 0.32265625
0 0.87109375 0.603125 0.21328125 0.1609375
0 0.240625 0.8484375 0.22265625 0.21328125
0 0.41796875 0.6890625 0.31328125 0.08671875
0 0.42421875 0.78359375 0.26796875 0.1421875
0 0.53515625 0.87265625 0.22578125 0.21640625
0 0.57578125 0.56796875 0.08671875 0.090625