0 0.46171875 0.403125 0.06015625 0.06875
0 0.44453125 0.465625 0.05234375 0.04375
0 0.43203125 0.55234375 0.05625 0.0671875
0 0.40859375 0.72109375 0.05390625 0.0484375
0 0.209375 0.4125 0.04765625 0.0375
0 0.059375 0.46796875 0.03984375 0.0390625
0 0.14375 0.62109375 0.05859375 0.0359375
0 0.03515625 0.66875 0.04140625 0.028125
0 0.97578125 0.034375 0.03515625 0.04375
0 0.96875 0.1828125 0.02109375 0.034375
0 0.98046875 0.31640625 0.03125 0.0671875
0 0.946875 0.35703125 0.03515625 0.0359375
0 0.97890625 0.409375 0.025 0.05625
0 0.93984375 0.50234375 0.0375 0.0390625
0 0.98203125 0.51015625 0.03125 0.0453125
0 0.96640625 0.5703125 0.04140625 0.046875
0 0.98203125 0.63125 0.03125 0.0375
0 0.984375 0.67265625 0.02734375 0.0359375
0 0.98359375 0.75625 0.02890625 0.0625
0 0.9875 0.8375 0.02109375 0.028125
0 0.70625 0.14609375 0.02890625 0.0421875
0 0.48046875 0.25625 0.06875 0.13125
0 0.47265625 0.7953125 0.10390625 0.1125
0 0.428125 0.89921875 0.06875 0.0671875
0 0.50546875 0.94609375 0.04765625 0.0390625
0 0.24375 0.0140625 0.05859375 0.028125