0 0.39296875 0.11875 0.0609375 0.07890625
0 0.37421875 0.265625 0.0703125 0.09765625
0 0.909375 0.11953125 0.084375 0.04765625
0 0.9609375 0.34921875 0.05625 0.06015625
0 0.94140625 0.47109375 0.0546875 0.09140625
0 0.3125 0.16484375 0.078125 0.09140625
0 0.41484375 0.33359375 0.0453125 0.0625
0 0.32109375 0.365625 0.0484375 0.05234375
0 0.22734375 0.40703125 0.0546875 0.06484375
0 0.4109375 0.44609375 0.075 0.05
0 0.48671875 0.23515625 0.0453125 0.05
0 0.5375 0.41640625 0.075 0.12890625
0 0.5 0.47109375 0.040625 0.0875
0 0.521875 0.5875 0.071875 0.1
0 0.578125 0.60859375 0.034375 0.07109375
0 0.24609375 0.69609375 0.0921875 0.0625
0 0.60390625 0.73515625 0.0453125 0.12109375
0 0.5578125 0.84609375 0.071875 0.1125
0 0.42578125 0.90078125 0.0484375 0.09765625
0 0.53671875 0.97265625 0.0578125 0.05
0 0.7765625 0.04140625 0.034375 0.04609375