0 0.15703125 0.09140625 0.0328125 0.04375
0 0.2015625 0.121875 0.025 0.03359375
0 0.2265625 0.18828125 0.01328125 0.03828125
0 0.2640625 0.28984375 0.01953125 0.03046875
0 0.18046875 0.3859375 0.025 0.03828125
0 0.1828125 0.46796875 0.0234375 0.03828125
0 0.19375 0.51015625 0.02109375 0.0359375
0 0.203125 0.54375 0.02109375 0.0359375
0 0.20703125 0.60546875 0.025 0.02578125
0 0.2234375 0.63046875 0.0234375 0.02578125
0 0.26015625 0.55390625 0.0234375 0.0359375
0 0.321875 0.5234375 0.01953125 0.0359375
0 0.2765625 0.57421875 0.01328125 0.02578125
0 0.28203125 0.6015625 0.025 0.01796875
0 0.3 0.5734375 0.02890625 0.0234375
0 0.33984375 0.55625 0.02890625 0.0359375
0 0.34375 0.60546875 0.02109375 0.0359375
0 0.33125 0.64765625 0.01953125 0.028125
0 0.20234375 0.66796875 0.01953125 0.03359375
0 0.265625 0.6265625 0.015625 0.03359375
0 0.265625 0.665625 0.02734375 0.028125
0 0.30625 0.71015625 0.0234375 0.0203125
0 0.3390625 0.6921875 0.015625 0.0203125
0 0.35 0.7234375 0.02109375 0.03046875
0 0.24765625 0.6984375 0.0171875 0.03359375
0 0.22890625 0.771875 0.01953125 0.0359375
0 0.259375 0.73984375 0.02109375 0.0234375
0 0.271875 0.7734375 0.01953125 0.0234375
0 0.28046875 0.81953125 0.02109375 0.03828125
0 0.24296875 0.83359375 0.01953125 0.0359375
0 0.25546875 0.88203125 0.02109375 0.04140625
0 0.265625 0.93828125 0.0234375 0.0515625
0 0.31953125 0.7515625 0.02734375 0.02578125
0 0.35390625 0.7578125 0.025 0.03359375
0 0.31328125 0.78984375 0.02890625 0.02578125
0 0.3109375 0.81953125 0.025 0.03359375
0 0.35078125 0.85625 0.01953125 0.0359375
0 0.34296875 0.95 0.02734375 0.028125
0 0.325 0.93046875 0.025 0.0359375
0 0.33828125 0.05546875 0.02109375 0.028125
0 0.33125 0.14453125 0.015625 0.028125
0 0.3390625 0.184375 0.02734375 0.02578125
0 0.3484375 0.24140625 0.015625 0.0359375
0 0.309375 0.1921875 0.0171875 0.04609375
0 0.33203125 0.40390625 0.0328125 0.18203125
0 0.37734375 0.5125 0.015625 0.16953125
0 0.50546875 0.02578125 0.025 0.0515625
0 0.603125 0.0234375 0.0234375 0.04609375
0 0.4078125 0.1125 0.0171875 0.02578125
0 0.4046875 0.1421875 0.02734375 0.03359375
0 0.46171875 0.21171875 0.0171875 0.03828125
0 0.45859375 0.2640625 0.01953125 0.0359375
0 0.4890625 0.0859375 0.02734375 0.05859375
0 0.4890625 0.17421875 0.01953125 0.04140625
0 0.48828125 0.23828125 0.0171875 0.0515625
0 0.4859375 0.31015625 0.015625 0.06640625
0 0.59375 0.071875 0.0234375 0.04609375
0 0.5328125 0.13359375 0.02109375 0.04140625
0 0.534375 0.19375 0.025 0.04375
0 0.53671875 0.24375 0.02890625 0.04140625
0 0.52578125 0.2921875 0.01953125 0.02578125
0 0.51953125 0.3421875 0.02109375 0.03359375
0 0.5109375 0.3703125 0.02734375 0.03359375
0 0.521875 0.45546875 0.034375 0.03828125
0 0.490625 0.45 0.025 0.04375
0 0.5578125 0.5296875 0.0171875 0.0484375
0 0.4328125 0.37421875 0.025 0.0359375
0 0.440625 0.48203125 0.0171875 0.0359375
0 0.446875 0.53984375 0.0234375 0.0234375
0 0.4546875 0.56796875 0.02734375 0.028125
0 0.4546875 0.6140625 0.02734375 0.05859375
0 0.72265625 0.11171875 0.0234375 0.028125
0 0.7140625 0.021875 0.01328125 0.03359375
0 0.69921875 0.084375 0.01953125 0.0203125
0 0.690625 0.271875 0.02109375 0.03046875
0 0.68671875 0.3296875 0.0171875 0.03359375
0 0.71015625 0.3140625 0.0171875 0.03359375
0 0.678125 0.36953125 0.02734375 0.02578125
0 0.69140625 0.40390625 0.0234375 0.028125
0 0.66953125 0.4734375 0.040625 0.0234375
0 0.6578125 0.58046875 0.025 0.115625
0 0.715625 0.44140625 0.025 0.06171875
0 0.70625 0.478125 0.0171875 0.0484375
0 0.6859375 0.58828125 0.0234375 0.05859375
0 0.74765625 0.49140625 0.0234375 0.05859375
0 0.72265625 0.571875 0.0234375 0.03046875
0 0.740625 0.59765625 0.025 0.04140625
0 0.47109375 0.74453125 0.04453125 0.1765625
0 0.82734375 0.54609375 0.02109375 0.06640625
0 0.83203125 0.3625 0.0234375 0.03828125
0 0.89140625 0.3640625 0.025 0.04140625
0 0.6859375 0.67578125 0.01953125 0.03828125
0 0.71796875 0.71796875 0.0171875 0.0203125
0 0.66015625 0.79453125 0.02109375 0.06171875
0 0.71796875 0.77578125 0.02890625 0.03359375
0 0.7578125 0.865625 0.040625 0.23828125
0 0.709375 0.828125 0.03828125 0.02578125
0 0.70546875 0.865625 0.034375 0.028125
0 0.678125 0.93203125 0.05 0.115625