0 0.1984375 0.303125 0.0796875 0.34375
0 0.19296875 0.79609375 0.12890625 0.315625
0 0.85546875 0.20234375 0.2640625 0.2125
0 0.53984375 0.775 0.090625 0.37265625
0 0.84921875 0.7625 0.13671875 0.11328125
0 0.45390625 0.06015625 0.03125 0.08515625
0 0.5171875 0.040625 0.0421875 0.06015625
0 0.553125 0.12734375 0.0453125 0.10625
0 0.6015625 0.12578125 0.025 0.12421875
0 0.5125 0.18828125 0.0359375 0.11328125
0 0.4859375 0.25390625 0.04140625 0.103125
0 0.45859375 0.2921875 0.0203125 0.12421875
0 0.49140625 0.36171875 0.03125 0.11328125
0 0.53515625 0.3703125 0.02578125 0.15234375
0 0.58359375 0.2765625 0.03828125 0.10625
0 0.49140625 0.4609375 0.0328125 0.05
0 0.52578125 0.4484375 0.03046875 0.07421875
0 0.58828125 0.44296875 0.0671875 0.08515625