0 0.3828125 0.13203125 0.16796875 0.15625
0 0.22578125 0.32890625 0.19765625 0.18125
0 0.1453125 0.57421875 0.23125 0.14375
0 0.55390625 0.1828125 0.22734375 0.3171875
0 0.35078125 0.47109375 0.1640625 0.259375
0 0.5390625 0.49375 0.175 0.1890625
0 0.425 0.64375 0.26875 0.15234375
0 0.325 0.8453125 0.2015625 0.30078125
0 0.59140625 0.8125 0.19765625 0.27578125
0 0.778125 0.253125 0.190625 0.25078125
0 0.7421875 0.50390625 0.14921875 0.2921875
0 0.8765625 0.5125 0.2015625 0.19375
0 0.79453125 0.7265625 0.17890625 0.21015625