0 0.20546875 0.18125 0.2046875 0.3625
0 0.071875 0.32734375 0.1375 0.45
0 0.225 0.57734375 0.1625 0.25859375
0 0.11484375 0.66015625 0.1265625 0.17890625
0 0.0296875 0.609375 0.059375 0.16875
0 0.35 0.49765625 0.209375 0.3875
0 0.33125 0.10859375 0.140625 0.175
0 0.41171875 0.03984375 0.1703125 0.075
0 0.521875 0.13203125 0.15625 0.26015625
0 0.67265625 0.15703125 0.2921875 0.31015625
0 0.92578125 0.315625 0.1421875 0.20625
0 0.84921875 0.41796875 0.2984375 0.51875
0 0.60546875 0.48984375 0.1765625 0.46640625
0 0.46953125 0.58125 0.1109375 0.26640625
0 0.71875 0.71171875 0.39375 0.26875
0 0.3484375 0.81953125 0.19375 0.24375
0 0.06640625 0.75 0.1328125 0.1
0 0.08046875 0.84453125 0.1609375 0.07734375
0 0.2046875 0.77734375 0.10625 0.09609375
0 0.07109375 0.940625 0.1390625 0.11484375
0 0.26328125 0.92109375 0.2203125 0.15390625
0 0.47265625 0.828125 0.1515625 0.33984375
0 0.73046875 0.94140625 0.2796875 0.1125
0 0.90703125 0.83515625 0.1765625 0.325
0 0.72890625 0.5625 0.1171875 0.09140625
0 0.70078125 0.85703125 0.2171875 0.15625