0 0.17109375 0.22890625 0.31015625 0.37109375
0 0.11328125 0.5859375 0.13984375 0.3203125
0 0.28671875 0.17734375 0.15390625 0.14296875
0 0.3921875 0.21015625 0.11015625 0.26015625
0 0.55546875 0.15859375 0.2265625 0.1859375
0 0.4984375 0.2875 0.28046875 0.12265625
0 0.38984375 0.45546875 0.26171875 0.203125
0 0.215625 0.4828125 0.0859375 0.1140625
0 0.3234375 0.5875 0.28046875 0.19140625
0 0.55546875 0.415625 0.10234375 0.12890625
0 0.71015625 0.3296875 0.25078125 0.20859375
0 0.88984375 0.39140625 0.10234375 0.303125
0 0.796875 0.47109375 0.19140625 0.24609375
0 0.596875 0.5796875 0.234375 0.296875
0 0.30859375 0.79140625 0.1640625 0.2
0 0.4921875 0.9140625 0.2453125 0.15390625
0 0.55625 0.7625 0.2453125 0.13125
0 0.72890625 0.6625 0.1265625 0.12578125
0 0.8703125 0.6171875 0.18359375 0.1375
0 0.821875 0.72109375 0.2859375 0.14609375
0 0.49453125 0.61015625 0.14296875 0.25390625