0 0.22109375 0.19921875 0.16953125 0.3140625
0 0.2078125 0.61328125 0.1421875 0.2421875
0 0.565625 0.42265625 0.04921875 0.04140625
0 0.45390625 0.5546875 0.04375 0.04140625
0 0.5734375 0.61953125 0.021875 0.034375
0 0.59296875 0.8109375 0.02734375 0.03046875
0 0.6390625 0.66875 0.021875 0.034375
0 0.5984375 0.6609375 0.02734375 0.034375
0 0.5296875 0.0609375 0.065625 0.07578125
0 0.57109375 0.05078125 0.04921875 0.0796875
0 0.60078125 0.0546875 0.0546875 0.0875
0 0.63671875 0.04921875 0.03828125 0.08359375
0 0.67734375 0.0609375 0.04375 0.08359375
0 0.7078125 0.0609375 0.03828125 0.07578125
0 0.75078125 0.0546875 0.0484375 0.109375
0 0.78671875 0.06796875 0.04375 0.07578125
0 0.81953125 0.06640625 0.04375 0.0796875