0 0.24453125 0.2578125 0.065625 0.1078125
0 0.78046875 0.15078125 0.3046875 0.12890625
0 0.73515625 0.40078125 0.2375 0.07421875
0 0.74140625 0.78125 0.34921875 0.23515625
0 0.26015625 0.86171875 0.31484375 0.08515625
0 0.36640625 0.57890625 0.040625 0.0375
0 0.47109375 0.7015625 0.0375 0.03125
0 0.50859375 0.70625 0.03125 0.04921875
0 0.3765625 0.721875 0.04609375 0.0390625
0 0.40703125 0.68359375 0.05234375 0.01640625
0 0.31484375 0.65625 0.0296875 0.04375
0 0.28671875 0.69140625 0.065625 0.02578125
0 0.296875 0.71015625 0.07734375 0.0203125
0 0.4953125 0.60546875 0.04765625 0.04296875
0 0.52109375 0.56796875 0.05078125 0.028125
0 0.41640625 0.52890625 0.059375 0.028125
0 0.453125 0.5453125 0.0640625 0.0203125
0 0.43125 0.56484375 0.0625 0.01796875
0 0.3109375 0.55859375 0.0375 0.03984375
0 0.259375 0.55703125 0.04765625 0.04296875
0 0.31640625 0.5265625 0.0265625 0.03359375
0 0.30859375 0.49296875 0.05078125 0.02265625
0 0.34921875 0.5140625 0.0328125 0.0390625
0 0.15859375 0.6609375 0.0703125 0.03515625
0 0.065625 0.65078125 0.05078125 0.03203125
0 0.0453125 0.6140625 0.04296875 0.028125
0 0.06328125 0.62734375 0.05859375 0.0203125
0 0.0390625 0.56953125 0.04453125 0.0203125
0 0.0421875 0.4890625 0.0375 0.03671875
0 0.078125 0.58046875 0.025 0.03203125
0 0.11484375 0.59765625 0.04453125 0.03125
0 0.14140625 0.60625 0.04453125 0.03359375
0 0.15234375 0.509375 0.04453125 0.02578125
0 0.18515625 0.4859375 0.0328125 0.03671875
0 0.12578125 0.48046875 0.04296875 0.02578125
0 0.14921875 0.48046875 0.04140625 0.03203125