0 0.07578125 0.075 0.0953125 0.15
0 0.18984375 0.0625 0.11328125 0.125
0 0.271875 0.1265625 0.1046875 0.2171875
0 0.38125 0.0921875 0.11328125 0.18359375
0 0.08125 0.2 0.153125 0.15078125
0 0.04140625 0.271875 0.08203125 0.25
0 0.49921875 0.12109375 0.1828125 0.2421875
0 0.34140625 0.2609375 0.1625 0.16875
0 0.2875 0.37890625 0.2203125 0.228125
0 0.1640625 0.33828125 0.15546875 0.23515625
0 0.5734375 0.21171875 0.12890625 0.26875
0 0.7 0.06796875 0.09296875 0.1359375
0 0.4765625 0.3625 0.08671875 0.25390625
0 0.73671875 0.2078125 0.1890625 0.1875
0 0.79921875 0.0609375 0.078125 0.1140625
0 0.9 0.23125 0.13359375 0.3015625
0 0.83359375 0.25 0.1203125 0.26484375
0 0.09765625 0.50546875 0.1953125 0.2390625
0 0.05546875 0.68046875 0.1109375 0.18359375
0 0.1125 0.728125 0.17578125 0.20625
0 0.19140625 0.821875 0.2578125 0.209375
0 0.26875 0.64375 0.15546875 0.3234375
0 0.41875 0.5609375 0.08203125 0.31953125
0 0.496875 0.6234375 0.17578125 0.20234375
0 0.58125 0.4703125 0.14921875 0.1546875
0 0.70859375 0.478125 0.1109375 0.36796875
0 0.8734375 0.45234375 0.23125 0.146875
0 0.8546875 0.59921875 0.1796875 0.16875
0 0.384375 0.8328125 0.1203125 0.18046875
0 0.54921875 0.803125 0.12890625 0.209375
0 0.665625 0.8 0.121875 0.29765625
0 0.8390625 0.76640625 0.2203125 0.20234375
0 0.95703125 0.72421875 0.08203125 0.1984375