0 0.42734375 0.11640625 0.1578125 0.17421875
0 0.26015625 0.540625 0.15078125 0.19765625
0 0.18203125 0.771875 0.17578125 0.1828125
0 0.4046875 0.725 0.18515625 0.246875
0 0.5734375 0.459375 0.14140625 0.25
0 0.75625 0.21640625 0.16171875 0.3921875
0 0.57421875 0.22109375 0.08515625 0.26171875
0 0.9546875 0.1921875 0.0875 0.2265625
0 0.85625 0.51328125 0.1234375 0.13671875
0 0.77578125 0.6859375 0.08515625 0.13359375
0 0.6125 0.9 0.103125 0.17734375
0 0.084375 0.48515625 0.1 0.15703125
0 0.090625 0.26171875 0.0546875 0.1046875